3
resources/tiles/tiles avulsos/grass.png
resources/tiles/tiles avulsos/water.png
resources/tiles/tiles avulsos/jungle_grass.png
<<<<<<< HEAD
3,3,3,3,3,1,1,3,1,3,3,3,3,3,3,3,3,3,3,3,3,3,3,3,3,3,3,3,3,3,3,3,3,3,3,3,3,3,3,3,3,3,3,1,3,3,1,3,3,3,1,1,3,1,3,1,1,3,3,1,1,3,1,1,3,3,3,3,3,3,3,1,3,1,3,1,3,1,3,3,3,3,3,3,3,3,3,3,3,3,3,3,3,1,3,1,1,3,3,1,1,1,3,1,1,1,3,3,3,1,1,3,3,3,3,3,3,3,1,3,1,3,3,3,3,3,1,3,3,
1,1,3,1,1,1,3,1,1,3,3,3,3,3,3,3,3,3,3,3,3,3,3,3,3,3,3,3,3,3,3,3,3,3,3,3,3,3,3,3,3,3,1,1,3,1,1,3,3,3,3,1,3,3,1,1,1,3,1,3,1,1,1,1,1,1,1,3,3,3,3,3,1,3,3,3,1,3,1,3,3,3,3,3,3,3,3,3,1,3,3,3,1,3,3,3,3,3,3,1,1,3,3,3,1,1,3,3,1,3,3,1,3,3,1,3,3,1,1,3,3,3,3,1,3,3,3,3,3,
1,3,3,3,3,1,1,3,3,1,3,3,3,3,3,3,3,3,3,3,3,3,3,3,3,3,3,3,3,3,3,3,3,3,3,1,1,3,3,3,3,3,3,3,1,1,1,3,3,3,3,1,1,3,3,3,3,3,3,1,3,3,1,3,1,1,1,3,3,3,3,1,1,3,3,1,1,3,3,3,3,3,3,3,3,3,3,3,3,3,3,3,3,3,3,1,3,1,1,1,3,3,1,1,3,3,3,3,3,3,1,3,1,3,1,3,1,1,3,3,3,3,1,1,3,3,1,1,3,
3,3,1,3,1,1,1,3,3,1,3,3,3,3,3,3,3,3,3,3,3,3,3,3,3,3,3,3,3,3,3,3,3,1,1,1,1,1,3,3,3,3,1,3,1,1,1,3,3,3,3,3,3,1,1,1,1,3,3,3,3,1,1,3,3,3,3,3,3,3,3,3,3,3,3,1,3,1,3,3,3,3,3,3,3,3,3,3,3,3,3,3,3,3,3,3,3,1,3,3,3,1,3,1,1,3,3,3,3,3,3,3,1,1,3,1,3,3,1,3,3,3,3,3,3,3,3,1,1,
1,1,1,1,3,3,3,3,3,1,3,3,3,3,3,3,3,3,3,3,3,3,3,3,3,3,3,3,3,3,3,3,3,3,1,3,3,1,1,3,3,3,1,3,1,1,1,1,3,3,1,3,3,1,1,1,3,3,3,3,3,3,3,3,3,3,3,3,1,3,3,3,1,1,3,1,3,3,3,3,3,1,3,3,3,3,3,3,3,3,3,3,3,3,3,3,3,3,1,3,1,3,3,1,1,1,1,3,1,3,1,3,1,1,1,1,3,1,1,3,3,3,1,3,3,3,1,3,3,
1,3,3,1,3,1,3,3,3,1,3,3,3,3,3,3,3,3,3,3,3,3,3,3,3,3,3,3,1,1,3,3,1,1,3,3,1,3,1,3,3,3,3,3,1,1,1,1,3,3,3,1,1,3,3,1,3,3,1,1,3,3,3,3,1,1,1,1,3,3,3,1,1,3,3,1,1,3,3,3,3,1,3,1,1,3,3,3,3,3,3,3,3,3,3,3,3,3,3,1,3,3,1,1,1,1,3,3,3,3,3,1,1,1,1,1,3,3,3,3,1,3,1,1,1,3,1,1,3,
3,3,1,1,3,3,3,3,1,1,1,1,3,3,3,3,3,3,3,3,3,3,3,3,3,3,3,3,3,3,3,3,1,1,3,1,1,3,3,3,3,3,3,3,1,1,3,1,3,1,1,3,3,3,3,3,3,3,1,3,1,3,3,1,3,3,3,1,1,3,3,1,3,3,1,3,1,3,3,3,3,1,3,3,1,3,3,3,3,3,3,3,3,3,3,3,3,3,3,3,1,3,3,1,1,3,3,3,3,3,3,1,1,1,1,1,3,1,1,1,3,3,3,3,3,3,1,3,1,
3,1,3,3,3,3,1,3,3,3,3,1,3,3,3,3,3,3,3,3,3,3,3,3,3,3,3,3,3,3,3,1,3,1,1,1,3,3,1,3,3,3,1,3,3,1,1,3,3,1,3,3,1,3,1,3,1,3,1,3,3,1,3,3,3,3,3,3,3,3,3,1,3,3,3,1,3,1,3,3,3,3,1,3,3,3,3,3,3,3,3,3,3,3,3,3,3,3,3,3,1,1,3,3,3,3,1,3,3,3,3,1,3,3,1,3,3,3,3,3,3,3,3,3,1,3,3,3,3,
3,1,1,3,1,1,3,1,1,1,3,3,1,3,3,3,3,3,3,3,3,3,3,3,3,3,1,3,3,1,1,1,3,1,1,1,1,3,3,1,3,3,3,3,1,3,3,3,1,1,1,3,3,1,1,1,1,3,3,3,1,1,3,1,3,3,1,1,3,1,3,3,3,3,3,1,3,3,1,3,3,1,1,1,3,3,3,3,3,3,3,3,3,3,3,3,3,3,3,3,3,3,1,3,3,3,1,1,1,3,3,3,3,3,3,1,1,3,3,3,3,3,3,1,3,1,1,1,1,
3,1,3,1,3,3,1,1,3,1,3,3,3,3,3,3,3,3,3,3,3,3,3,3,3,3,3,3,3,3,3,3,1,3,3,1,1,1,3,3,3,3,3,3,1,1,3,3,1,1,1,1,3,1,3,1,1,3,3,3,3,3,3,3,1,1,3,1,1,1,3,1,3,3,3,3,1,3,3,1,3,1,3,3,3,3,3,3,3,3,3,3,3,3,3,3,3,3,3,3,3,3,3,1,1,1,3,1,1,3,3,3,3,1,3,3,1,3,3,3,3,3,1,1,1,1,1,3,3,
1,1,3,1,3,1,3,1,1,3,3,3,3,3,3,3,3,3,3,3,3,3,3,1,1,3,3,3,3,1,3,1,3,1,3,1,1,3,3,1,3,3,1,1,3,1,3,3,3,1,1,3,3,3,3,1,1,3,1,3,3,3,3,3,1,3,1,1,1,3,3,1,3,3,3,3,3,1,3,3,3,3,1,3,3,1,3,3,3,3,3,3,3,3,3,3,3,3,3,3,3,3,3,3,1,3,3,1,3,3,1,3,3,3,3,1,1,3,1,3,3,3,1,3,3,1,1,1,3,
3,3,1,1,1,1,3,1,1,1,3,1,3,3,3,3,3,3,3,3,3,1,3,1,1,3,1,3,3,1,3,3,3,3,1,3,3,3,3,3,3,1,1,3,3,3,3,1,1,1,3,3,1,3,3,1,3,3,3,1,1,3,3,3,3,3,3,1,1,3,1,1,1,1,3,3,1,1,3,3,1,3,3,1,3,3,1,3,3,3,3,3,3,3,3,3,3,3,3,3,3,3,3,3,1,3,3,3,1,3,1,1,1,1,1,1,1,3,3,3,3,3,1,3,3,3,3,3,3,
3,1,1,1,1,1,1,1,3,1,1,3,3,3,3,3,3,3,3,3,1,1,1,1,3,1,3,3,3,3,3,1,1,3,3,3,3,3,1,1,3,3,3,3,3,3,1,1,3,1,1,3,3,3,3,1,1,3,3,3,1,3,3,3,1,3,3,1,1,3,3,3,3,3,1,3,1,1,3,3,3,3,1,3,1,1,3,1,3,3,3,3,3,3,3,3,3,3,3,3,3,3,3,3,3,3,3,3,3,3,3,1,3,3,1,1,3,1,1,3,3,1,1,3,3,3,3,3,3,
1,3,1,1,3,1,1,1,3,1,1,3,3,3,3,3,3,3,3,3,1,3,3,3,3,1,1,3,1,3,1,3,3,3,3,1,3,3,3,1,3,3,3,1,1,3,3,3,1,3,3,1,1,3,3,3,1,1,3,3,1,3,1,3,1,1,1,1,3,3,3,3,3,1,3,3,3,1,1,1,3,3,3,3,1,1,3,1,3,3,3,3,3,3,3,3,3,3,3,3,3,3,3,3,3,3,3,3,3,1,3,3,1,3,1,3,3,1,3,1,1,3,1,3,3,3,3,3,3,
3,1,3,3,1,1,3,3,3,3,1,3,3,3,3,3,3,3,3,3,3,1,1,1,3,3,1,3,3,3,3,1,3,3,3,3,1,1,1,1,1,3,3,3,1,3,3,1,1,3,3,1,1,3,3,3,3,3,3,1,3,3,3,3,3,3,3,3,3,1,3,3,1,1,3,3,3,3,3,3,3,3,3,3,1,3,3,3,1,1,3,3,3,3,3,3,3,3,3,3,3,3,3,3,3,3,3,1,1,1,3,1,3,3,1,3,1,3,1,3,3,1,3,3,3,3,3,3,3,
1,3,3,3,3,3,1,1,1,3,1,3,3,3,3,3,3,3,3,3,1,3,1,3,3,3,3,3,1,1,1,3,3,3,3,3,3,3,3,1,1,3,3,3,3,3,3,3,3,1,3,1,1,3,3,3,3,1,3,1,1,3,3,3,3,3,1,1,3,3,3,3,3,3,3,1,3,3,3,3,3,3,3,1,3,1,3,3,3,1,3,3,3,3,3,3,3,3,3,3,3,3,3,3,3,3,3,3,1,1,1,3,1,1,3,3,3,3,3,1,1,3,3,3,3,3,3,3,3,
3,3,3,3,3,3,1,3,3,1,1,1,3,3,3,3,3,3,3,1,1,1,1,1,3,3,3,1,3,3,3,3,3,3,1,3,3,3,3,1,3,3,3,3,3,1,3,3,3,1,3,3,3,3,1,3,3,3,3,3,1,1,1,3,1,1,3,1,1,3,3,3,3,3,3,1,3,3,3,3,3,1,3,1,1,1,1,1,1,3,1,3,3,3,3,3,3,3,3,3,3,3,3,3,3,3,3,3,1,1,1,3,1,3,3,3,3,3,3,3,3,3,3,3,3,3,3,3,3,
3,3,3,3,3,3,1,1,3,3,3,3,1,1,3,3,3,3,3,3,3,3,3,3,3,3,1,3,1,3,3,3,3,1,3,1,3,3,3,3,1,1,1,3,3,3,1,3,3,1,3,1,1,3,3,3,3,3,1,3,1,1,1,3,1,3,3,3,3,1,3,3,1,1,1,3,3,3,3,3,3,1,3,1,3,1,1,1,3,3,1,3,3,3,3,3,3,3,3,3,3,3,3,3,3,3,3,3,3,3,3,3,1,3,1,1,1,1,1,1,1,3,3,3,3,3,3,3,3,
3,3,3,3,3,1,3,3,3,3,3,3,1,1,3,1,3,3,3,3,3,3,3,3,3,3,3,1,3,1,3,3,1,1,3,1,3,1,3,3,3,3,3,1,1,3,3,1,1,1,1,3,1,3,3,3,3,3,1,3,1,1,3,3,1,3,3,1,3,1,1,3,3,1,3,3,3,3,3,3,3,1,3,3,1,3,1,3,3,1,1,3,3,3,3,3,3,3,3,3,3,3,3,3,3,3,3,3,3,3,3,3,1,3,3,1,3,3,3,3,3,3,3,3,3,3,3,3,3,
3,3,3,3,3,3,1,3,1,1,1,1,3,1,3,3,1,1,1,3,1,3,1,1,1,3,3,3,3,1,3,1,3,3,3,1,3,3,3,1,1,3,1,1,3,1,3,3,3,3,3,3,1,1,3,3,3,1,3,3,1,1,3,3,3,1,3,1,1,3,3,1,3,3,3,3,1,1,3,3,1,3,1,3,1,3,3,3,3,3,1,3,3,3,3,3,3,3,3,3,3,3,3,3,3,3,3,3,3,3,3,3,3,3,3,1,3,3,3,3,3,3,3,3,3,3,3,3,3,
3,3,3,3,3,3,1,3,3,1,1,3,3,3,1,1,3,3,3,3,3,3,3,3,3,3,1,3,3,3,1,1,1,1,1,3,1,1,1,1,3,3,3,3,3,3,3,1,3,3,3,3,3,1,3,3,1,3,3,1,1,3,3,3,3,3,3,3,1,1,3,3,3,3,3,3,1,1,1,1,1,1,3,3,3,1,3,3,3,1,3,3,3,3,3,3,3,3,3,3,3,3,3,3,3,3,3,3,3,3,3,3,3,3,3,1,3,3,3,3,3,3,3,3,3,3,3,3,3,
3,3,3,3,3,3,1,3,1,3,3,3,1,3,3,1,3,3,1,3,3,3,1,3,1,3,3,3,1,3,3,1,1,3,3,3,3,3,3,3,1,1,3,1,3,1,1,3,3,3,3,3,3,1,3,1,1,1,3,3,3,1,3,3,1,1,1,1,1,1,1,3,1,1,3,1,1,3,3,1,1,1,1,3,3,1,3,1,3,1,3,3,3,3,3,3,3,3,3,3,3,3,3,3,3,3,3,3,3,3,3,3,1,3,3,3,3,3,3,3,3,3,3,3,3,3,3,3,3,
3,3,3,3,3,3,1,3,1,3,3,3,3,3,1,1,3,3,1,1,1,1,1,1,3,3,1,3,1,3,3,3,3,1,3,3,3,3,3,3,1,1,3,3,3,1,1,3,1,3,3,3,3,1,3,3,1,1,1,1,3,1,3,1,3,3,3,3,1,1,1,3,3,1,3,1,3,3,3,3,3,1,1,3,3,3,1,1,3,1,3,3,3,3,3,3,3,3,3,3,3,3,3,3,3,3,3,3,3,3,3,3,3,3,3,3,3,3,3,3,3,3,3,3,3,3,3,3,3,
3,3,3,3,3,3,1,3,1,3,3,1,3,1,1,3,1,1,3,1,1,1,1,3,3,1,3,3,3,3,1,3,3,1,3,3,3,3,1,3,3,3,3,1,3,3,3,3,1,1,3,1,3,1,3,3,3,3,1,3,3,3,3,3,1,3,1,3,3,1,3,3,1,3,1,3,1,1,1,1,3,3,1,3,1,3,1,3,3,3,3,3,3,3,3,3,3,3,3,3,3,3,3,3,3,3,3,3,3,3,3,3,3,3,3,3,3,3,3,3,3,3,3,3,3,3,3,3,3,
3,3,3,3,3,3,3,3,1,3,3,3,1,3,3,3,3,1,3,3,1,3,3,3,1,1,3,3,3,1,3,3,3,3,3,3,3,1,1,3,3,1,1,1,1,3,3,1,1,3,3,3,3,3,3,1,1,3,1,3,3,1,1,3,3,3,1,1,3,1,3,3,1,1,1,3,1,1,1,3,3,1,3,1,3,3,3,3,3,3,3,3,3,3,3,3,3,3,3,3,3,3,3,3,3,3,3,3,3,3,3,3,3,3,3,3,3,3,3,3,3,3,3,3,3,3,3,3,3,
3,3,3,3,3,3,3,1,3,3,1,1,3,1,1,1,1,1,3,3,3,3,3,3,3,1,3,3,3,3,1,3,1,1,3,3,3,3,1,1,3,3,3,3,3,3,3,3,1,1,1,1,3,1,3,1,3,3,1,3,1,3,3,1,3,3,1,1,3,3,3,3,3,1,1,1,3,1,1,1,1,3,3,1,3,3,1,3,3,1,3,3,3,3,3,3,3,3,3,3,3,3,3,3,3,3,3,3,3,3,3,3,3,3,3,3,3,3,3,3,3,3,3,3,3,3,3,3,3,
3,3,3,3,1,3,3,3,3,1,1,3,3,1,1,1,1,3,3,1,1,3,1,1,3,3,1,3,3,1,1,1,3,3,1,1,3,3,3,1,1,1,3,3,3,3,1,3,1,3,3,3,1,1,1,3,3,1,1,3,1,3,3,1,3,1,1,3,3,3,3,3,3,3,1,1,1,1,1,1,1,3,3,1,3,1,1,3,1,3,3,3,3,3,3,3,3,3,3,3,3,3,3,3,3,3,3,3,3,3,3,3,3,3,3,3,3,3,3,3,3,3,3,3,3,3,3,3,3,
3,3,3,3,1,3,1,1,3,1,1,3,3,3,1,3,1,3,3,3,1,3,3,1,1,3,3,3,1,3,3,1,3,3,3,1,3,3,3,1,1,1,1,1,3,3,3,3,3,3,3,1,3,1,3,3,3,1,1,3,3,3,3,1,1,1,1,3,3,3,3,1,1,3,3,3,3,3,1,1,3,3,3,1,3,3,3,1,1,3,1,3,3,3,3,3,3,3,3,3,3,3,3,3,3,3,3,3,3,3,3,3,3,3,3,3,3,3,3,3,3,3,3,3,3,3,3,3,3,
3,3,3,3,3,3,1,1,3,3,1,3,3,3,3,3,3,1,3,1,3,1,3,3,1,3,3,3,1,3,3,1,3,3,1,1,1,3,1,3,3,3,3,1,1,3,3,3,3,3,3,3,3,3,3,3,3,1,3,1,3,3,3,3,3,3,3,3,3,3,1,3,3,3,3,3,3,3,3,3,3,3,1,3,1,3,3,3,1,3,1,3,3,3,3,3,3,3,3,3,3,3,3,3,3,3,3,3,3,3,3,3,3,3,3,3,3,3,3,3,3,3,3,3,3,3,3,3,3,
3,3,3,3,1,1,1,3,3,3,1,1,3,3,3,3,3,3,1,1,3,3,3,3,3,3,3,3,3,1,3,3,3,1,3,1,3,3,3,3,3,3,3,1,3,3,1,1,3,3,1,3,3,3,3,3,3,3,3,3,3,1,1,3,1,3,3,3,3,3,3,3,3,3,3,3,3,1,1,3,3,3,3,3,3,3,1,1,1,3,3,3,3,3,3,3,3,3,3,3,3,3,3,3,3,3,3,3,3,3,3,3,3,3,3,3,3,3,3,3,3,3,3,3,3,3,3,3,3,
3,3,3,3,3,1,1,1,3,3,1,3,3,3,1,1,1,3,3,3,3,3,3,3,3,3,1,1,3,1,3,3,3,1,3,1,3,3,3,3,1,3,1,1,1,3,3,1,3,1,3,3,1,3,3,1,3,1,3,1,3,1,1,3,1,3,3,1,1,1,1,3,3,3,3,3,3,3,1,3,1,1,3,1,1,3,3,1,1,1,3,3,3,3,3,3,3,3,3,3,3,3,3,3,3,3,3,3,3,3,3,3,3,3,3,3,3,3,3,3,3,3,3,3,3,3,3,3,3,
3,3,3,3,3,3,3,3,3,1,3,1,1,3,1,3,3,3,3,1,3,1,1,3,1,1,3,3,3,1,1,3,1,3,3,3,1,1,3,3,3,3,1,1,3,3,3,3,1,3,3,3,3,3,3,3,1,1,3,1,1,1,1,3,3,3,3,1,1,1,1,3,3,3,1,1,3,3,3,1,1,3,3,3,1,3,3,1,1,1,3,3,3,3,3,3,3,3,3,3,3,3,3,3,3,3,3,3,3,3,3,3,3,3,3,3,3,3,3,3,3,3,3,3,3,3,3,3,3,
3,3,1,1,3,3,3,3,3,3,1,1,3,3,1,1,3,3,3,1,1,3,3,1,1,3,1,3,3,3,1,3,3,3,1,3,3,3,3,1,3,1,3,3,1,1,1,3,1,1,3,3,3,1,3,3,3,3,3,1,3,1,1,3,3,3,3,1,1,1,1,1,3,3,3,3,1,3,1,1,1,3,3,1,3,3,3,3,3,1,3,3,3,3,3,3,3,3,3,3,3,3,3,3,3,3,3,3,3,3,3,3,3,3,3,3,3,3,3,3,3,3,3,3,3,3,3,3,3,
3,3,3,1,3,3,3,3,3,1,1,3,3,3,3,3,3,3,3,1,3,3,1,3,3,1,1,1,1,3,3,3,3,1,3,3,3,3,3,1,3,3,1,1,3,3,3,3,1,1,1,3,3,3,3,3,3,1,1,3,1,1,3,1,1,1,3,3,1,1,1,3,3,1,3,3,3,3,3,3,1,1,1,3,3,1,3,3,1,3,3,3,3,3,3,3,3,3,3,3,3,3,3,3,3,3,3,3,3,3,3,3,3,3,3,3,3,3,3,3,3,3,3,3,3,3,3,3,3,
3,3,3,1,3,3,3,3,3,1,3,3,1,1,3,1,1,3,3,3,3,3,3,3,3,3,3,1,1,3,3,1,3,1,3,3,1,3,3,3,3,1,1,3,3,3,1,1,1,1,1,1,3,3,3,3,1,1,3,1,3,3,3,1,1,1,1,3,3,3,1,3,1,3,3,3,1,3,1,1,3,1,1,1,1,3,1,1,3,3,3,3,3,3,3,3,3,3,3,3,3,3,3,3,3,3,3,3,3,3,3,3,3,3,3,3,3,3,3,3,3,3,3,3,3,3,3,3,3,
3,3,3,3,3,3,3,3,3,1,3,1,3,3,1,3,3,1,3,3,3,3,3,3,3,1,3,3,1,3,1,1,1,3,1,3,1,3,3,3,3,3,3,3,3,3,1,3,3,3,3,3,3,3,3,3,3,1,1,3,3,3,3,3,1,3,3,1,3,3,3,1,3,3,1,1,3,1,3,3,1,1,1,1,3,3,3,3,3,3,3,3,3,3,3,3,3,3,3,3,3,3,3,3,3,3,3,3,3,3,3,3,3,3,3,3,3,3,3,3,3,3,3,3,3,3,3,3,3,
3,3,3,1,3,3,3,3,1,3,3,1,1,3,3,3,3,3,3,3,3,1,3,3,3,1,3,3,3,3,3,3,3,3,3,3,3,1,1,3,3,3,1,1,3,3,3,3,1,3,3,3,3,3,3,3,3,3,3,3,1,3,3,3,3,3,1,1,1,3,3,3,3,3,1,3,3,3,1,3,3,3,3,3,1,3,3,3,3,3,3,3,3,3,3,3,3,3,3,3,3,3,3,3,3,3,3,3,3,3,3,3,3,3,3,3,3,3,3,3,3,3,3,3,3,3,3,3,3,
3,3,1,1,3,3,3,3,3,1,1,3,3,3,3,3,1,3,3,1,3,3,3,3,3,3,3,1,3,3,3,3,3,3,3,1,1,3,1,3,3,3,3,1,3,3,3,3,1,3,3,1,1,3,3,1,1,1,3,1,1,1,1,1,1,1,3,3,1,3,3,3,3,3,1,1,1,3,3,3,1,3,1,1,3,3,3,3,3,3,3,3,3,3,3,3,3,3,3,3,3,3,3,3,3,3,3,3,3,3,3,3,3,3,3,3,3,3,3,3,3,3,3,3,3,3,3,3,3,
1,3,3,3,1,1,1,1,3,3,1,3,3,1,3,3,1,1,3,3,3,1,3,3,3,3,3,1,1,1,3,1,3,3,1,1,1,3,3,3,1,3,3,1,3,3,3,1,1,3,3,3,1,3,1,3,3,1,3,3,1,3,3,3,3,3,3,3,1,3,1,1,3,3,3,3,3,3,1,1,3,3,1,3,3,3,3,3,3,3,3,3,3,3,3,3,3,3,3,3,3,3,3,3,3,3,3,3,3,3,3,3,3,3,3,3,3,3,3,3,3,3,3,3,3,3,3,3,3,
1,3,3,3,3,3,3,1,3,3,3,1,3,1,1,3,1,1,3,1,3,3,1,1,3,3,1,1,3,3,3,1,3,1,1,1,1,3,3,1,1,1,1,3,1,1,3,3,3,1,3,1,1,1,3,1,1,3,1,1,3,3,3,3,1,3,1,3,3,3,3,3,3,1,1,1,3,3,3,3,3,3,3,3,3,3,3,3,3,3,3,3,3,3,3,3,3,3,3,3,3,3,3,3,3,3,3,3,3,3,3,3,3,3,3,3,3,3,3,3,3,3,3,3,3,3,3,3,3,
3,3,3,3,3,3,3,3,1,1,3,3,1,3,3,1,3,1,3,3,3,3,1,3,3,3,1,1,3,3,1,3,3,1,3,1,1,3,3,1,3,1,1,3,3,1,1,1,3,1,3,3,3,1,1,3,1,3,3,3,3,3,3,1,1,3,1,3,1,3,1,1,1,3,3,3,3,3,3,3,3,3,3,3,3,3,3,3,3,3,3,3,3,3,3,3,3,3,3,3,3,3,3,3,3,3,3,3,3,3,3,3,3,3,3,3,3,3,3,3,3,3,3,3,3,3,3,3,3,
3,1,1,3,3,3,3,3,1,1,3,1,3,3,3,3,3,3,3,1,3,3,1,1,1,1,1,1,1,3,3,1,3,1,3,3,1,1,3,1,1,3,3,3,3,3,1,1,1,1,3,1,3,1,1,3,1,1,3,3,3,3,3,1,3,3,1,3,3,3,3,3,3,3,3,1,3,3,3,3,3,3,3,3,3,3,3,3,3,3,3,3,3,3,3,3,3,3,3,3,3,3,3,3,3,3,3,3,3,3,3,3,3,3,3,3,3,3,3,3,3,3,3,3,3,3,3,3,3,
3,3,3,3,3,3,3,3,3,3,3,3,1,3,1,1,3,1,1,3,1,1,3,3,1,3,1,3,3,3,1,1,1,1,3,3,3,1,1,3,3,3,1,1,3,3,3,3,1,3,3,1,3,1,1,3,1,1,3,3,3,3,3,1,3,3,1,3,1,3,3,3,3,1,1,3,3,3,3,3,3,3,3,3,3,3,3,3,3,3,3,3,3,3,3,3,3,3,3,3,3,3,3,3,3,3,3,3,3,3,3,3,3,3,3,3,3,3,3,3,3,3,3,3,3,3,3,3,3,
3,3,1,1,3,3,1,1,1,3,1,3,1,3,1,1,1,3,1,3,1,3,3,1,1,3,1,1,3,3,3,3,3,3,3,3,3,3,1,3,3,1,1,1,3,3,3,3,3,3,3,3,3,3,1,1,3,3,3,3,3,3,3,1,3,3,3,1,3,3,3,3,3,3,3,3,3,3,3,3,3,3,3,3,3,3,3,3,3,3,3,3,3,3,3,3,3,3,3,3,3,3,3,3,3,3,3,3,3,3,3,3,3,3,3,3,3,3,3,3,3,3,3,3,3,3,3,3,3,
3,3,1,1,1,1,1,3,3,3,3,3,1,1,1,3,3,1,1,3,1,3,1,1,3,3,3,1,1,1,3,3,3,3,3,3,3,3,1,3,3,3,3,3,1,1,3,3,3,3,3,1,1,1,3,1,3,3,3,3,3,3,3,1,1,1,3,3,3,3,1,1,3,1,3,3,3,3,3,3,3,3,3,3,3,3,3,3,3,3,3,3,3,3,3,3,3,3,3,3,3,3,3,3,3,3,3,3,3,3,3,3,3,3,3,3,3,3,3,3,3,3,3,3,3,3,3,3,3,
1,1,3,1,3,1,1,1,1,3,3,1,3,3,1,1,3,1,3,3,3,1,1,3,1,3,1,3,3,3,3,1,1,3,1,1,3,3,1,1,3,1,3,1,3,1,1,1,1,3,3,3,3,3,3,3,1,3,3,3,3,3,3,3,1,1,1,3,1,3,1,3,1,3,3,3,3,3,3,3,3,3,3,3,3,3,3,3,3,3,3,3,3,3,3,3,3,3,3,3,3,3,3,3,3,3,3,3,3,3,3,3,3,3,3,3,3,3,3,3,3,3,3,3,3,3,3,3,3,
1,1,3,1,3,3,3,3,3,3,1,3,1,1,1,1,1,1,1,3,1,3,3,3,3,3,1,3,3,3,1,3,1,3,1,1,1,3,3,3,3,1,3,1,3,3,3,1,1,3,3,3,3,3,1,1,3,1,3,1,3,3,3,3,3,3,3,1,1,3,1,3,3,1,3,3,3,3,3,3,3,3,3,3,3,3,3,3,3,3,3,3,3,3,3,3,3,3,3,3,3,3,3,3,3,3,3,3,3,3,3,3,3,3,3,3,3,3,3,3,3,3,3,3,3,3,3,3,3,
3,3,3,3,3,3,3,3,1,1,1,1,1,1,1,1,3,3,1,3,3,1,1,3,3,3,3,3,1,1,3,3,1,3,3,1,1,3,3,3,3,3,1,1,3,3,1,3,1,1,3,3,3,3,3,3,3,1,3,1,1,3,3,3,1,3,1,3,3,3,3,3,1,1,1,3,3,3,3,3,3,3,3,3,3,3,3,3,3,3,3,3,3,3,3,3,3,3,3,3,3,3,3,3,3,3,3,3,3,3,3,3,3,3,3,3,3,3,3,3,3,3,3,3,3,3,3,3,3,
3,3,1,1,1,3,1,3,3,3,3,1,1,3,3,3,1,3,3,3,1,3,3,3,3,3,3,3,3,1,1,3,3,3,3,3,1,3,1,3,3,1,3,3,1,1,3,3,1,1,3,1,1,3,3,3,3,3,1,1,1,3,3,3,3,3,3,1,3,3,3,3,1,3,1,3,3,3,3,3,3,3,3,3,3,3,3,3,3,3,3,3,3,3,3,3,3,3,3,3,3,3,3,3,3,3,3,3,3,3,3,3,3,3,3,3,3,3,3,3,3,3,3,3,3,3,3,3,3,
3,3,1,3,3,1,3,1,1,1,1,1,3,1,3,3,1,3,3,3,1,1,1,3,3,1,1,1,1,3,1,3,3,3,3,3,1,3,3,3,3,1,1,1,3,3,1,3,3,3,3,1,3,3,3,3,1,1,3,3,1,3,1,1,1,3,3,3,1,3,3,1,3,1,1,3,3,3,3,3,3,3,3,3,3,3,3,3,3,3,3,3,3,3,3,3,3,3,3,3,3,3,3,3,3,3,3,3,3,3,3,3,3,3,3,3,3,3,3,3,3,3,3,3,3,3,3,3,3,
3,1,1,3,1,3,1,3,1,1,3,3,3,1,1,1,1,3,3,3,1,1,1,3,3,3,3,3,3,1,1,1,3,3,1,3,1,3,3,1,3,1,1,3,3,3,1,3,3,3,3,3,3,3,1,3,1,1,1,3,3,1,1,1,1,3,3,1,3,1,3,1,3,3,1,3,3,3,3,3,3,3,3,3,3,3,3,3,3,3,3,3,3,3,3,3,3,3,3,3,3,3,3,3,3,3,3,3,3,3,3,3,3,3,3,3,3,3,3,3,3,3,3,3,3,3,3,3,3,
1,1,3,3,3,1,3,3,3,3,3,1,1,1,1,3,3,1,3,3,3,1,3,1,3,3,3,3,3,3,1,1,3,3,1,3,3,3,3,3,1,3,3,1,3,1,3,1,3,1,1,1,3,3,1,1,3,3,3,3,3,3,3,1,1,1,3,1,3,1,1,1,3,3,1,3,3,3,3,3,3,3,3,3,3,3,3,3,3,3,3,3,3,3,3,3,3,3,3,3,3,3,3,3,3,3,3,3,3,3,3,3,3,3,3,3,3,3,3,3,3,3,3,3,3,3,3,3,3,
1,1,3,1,3,3,1,3,3,3,3,1,3,3,1,3,3,3,3,3,3,3,3,3,1,1,3,3,3,1,1,3,3,3,3,3,3,3,3,3,3,1,1,3,3,3,3,3,3,3,3,3,3,1,1,3,3,1,1,1,3,3,3,1,3,1,1,1,3,1,3,3,3,3,1,1,3,1,1,1,3,3,3,3,3,3,3,3,3,3,3,3,3,3,3,3,3,3,3,3,3,3,3,3,3,3,3,3,3,3,3,3,3,3,3,3,3,3,3,3,3,3,3,3,3,3,3,3,3,
1,1,3,3,3,3,3,3,3,3,3,1,3,3,3,3,3,1,1,3,1,1,3,3,3,3,3,3,1,3,3,3,3,3,3,3,3,3,1,1,3,3,3,3,1,1,1,3,1,3,1,1,3,3,1,3,3,3,1,3,3,3,3,3,1,3,3,1,3,1,3,1,1,1,3,3,1,1,3,3,3,3,3,3,3,3,3,3,3,3,3,3,3,3,3,3,3,3,3,3,3,3,3,3,3,3,3,3,3,3,3,3,3,3,3,3,3,3,3,3,3,3,3,3,3,3,3,3,3,
3,3,1,1,1,3,3,3,3,1,3,3,3,3,3,3,3,3,3,3,1,3,1,1,1,3,3,3,3,1,1,1,3,3,1,1,1,1,3,3,3,3,3,3,3,1,1,3,1,1,1,1,3,3,3,1,3,3,3,3,3,3,1,3,3,1,3,1,3,3,3,3,3,3,1,1,3,3,1,1,1,1,3,3,3,3,3,3,3,3,3,3,3,3,3,3,3,3,3,3,3,3,3,3,3,3,3,3,3,3,3,3,3,3,3,3,3,3,3,3,3,3,3,3,3,3,3,3,3,
1,1,3,3,3,3,3,1,3,1,3,3,3,3,3,3,3,3,3,3,1,3,3,3,3,3,1,1,3,3,1,3,3,3,1,3,1,3,3,1,1,3,1,1,3,3,3,3,3,3,1,3,3,1,3,3,1,1,1,3,3,1,1,1,3,3,1,1,1,3,1,3,3,3,3,3,1,1,3,3,1,3,3,3,3,3,3,3,3,3,3,3,3,3,3,3,3,3,3,3,3,3,3,3,3,3,3,3,3,3,3,3,3,3,3,3,3,3,3,3,3,3,3,3,3,3,3,3,3,
3,3,3,3,3,1,3,3,3,1,3,1,1,1,1,3,3,3,3,3,3,3,3,1,1,3,3,1,3,3,3,1,3,1,3,3,3,3,1,3,3,1,3,3,3,3,3,1,3,3,1,1,3,3,1,3,3,1,3,3,1,3,1,1,3,3,1,1,3,3,3,1,3,3,1,3,3,1,3,3,1,3,3,3,3,3,3,3,3,3,3,3,3,3,3,3,3,3,3,3,3,3,3,3,3,3,3,3,3,3,3,3,3,3,3,3,3,3,1,3,1,3,3,3,3,3,3,3,3,
3,1,3,3,1,3,1,3,3,3,3,3,1,3,3,3,1,1,3,3,3,1,3,1,3,3,3,1,3,1,3,1,1,3,1,1,1,3,3,1,1,3,1,1,1,3,1,3,1,3,1,1,1,1,3,1,3,3,1,1,1,3,1,3,3,3,3,1,3,1,1,3,3,3,3,3,3,3,3,1,1,3,3,3,3,3,3,3,3,3,3,3,3,3,3,3,3,3,3,3,3,3,3,3,1,3,3,3,3,3,1,3,3,3,3,3,3,1,1,1,3,1,1,3,1,3,3,1,3,
1,3,3,3,3,3,1,3,1,3,1,3,3,1,1,1,1,1,3,3,1,3,1,1,3,3,3,3,3,3,3,1,3,3,3,1,1,3,3,3,3,3,1,3,3,3,3,1,3,1,3,3,1,1,1,3,3,1,3,3,3,3,3,3,3,1,1,3,3,1,3,3,1,1,1,1,1,3,3,1,3,3,1,3,3,3,3,3,3,3,3,3,3,3,3,3,3,3,3,3,3,3,1,3,1,3,3,3,1,3,3,3,3,1,1,1,1,3,3,3,3,3,3,3,3,3,1,3,3,
3,1,3,3,3,3,3,3,1,1,1,3,3,1,1,3,1,3,3,3,3,3,1,3,1,1,3,3,1,1,1,3,3,3,1,3,1,3,3,1,1,3,1,3,3,3,1,1,3,3,1,3,3,3,3,1,3,3,1,1,3,1,1,1,1,1,3,3,3,1,3,3,1,3,3,1,1,3,3,3,3,3,1,3,3,3,3,3,3,3,3,3,3,3,3,3,3,3,3,3,3,1,3,1,3,3,1,3,3,3,3,1,3,3,3,3,3,3,3,3,1,3,3,1,3,3,1,3,1,
1,3,3,3,3,1,3,1,1,3,3,3,3,3,3,3,3,3,1,3,1,3,3,1,3,3,3,3,1,3,1,1,1,3,3,3,3,3,3,1,1,3,3,3,1,1,3,3,1,3,3,1,1,1,1,3,1,3,1,3,3,1,1,3,3,3,3,3,3,1,3,3,1,1,3,1,1,1,3,3,3,3,3,3,1,3,3,3,3,3,3,3,3,3,3,3,3,3,3,3,3,3,1,3,1,1,3,3,1,1,1,3,3,3,1,1,1,1,1,1,1,1,1,3,1,3,3,1,1,
3,3,3,3,1,1,3,3,3,1,1,1,3,3,3,3,1,1,3,3,1,3,3,3,1,1,1,1,1,3,1,3,1,3,3,1,3,1,1,1,3,3,1,3,1,1,3,3,1,1,1,3,3,3,3,1,3,3,3,3,1,3,1,1,3,1,3,1,1,1,3,3,1,1,3,1,3,1,3,3,3,3,3,1,3,3,3,3,3,3,3,3,3,3,3,3,3,3,3,1,3,1,3,3,1,1,3,3,3,3,3,3,3,3,3,3,3,1,3,3,3,3,3,1,3,3,3,3,3,
3,3,1,3,3,1,1,1,3,3,3,3,1,1,3,1,3,1,1,3,1,3,1,1,1,1,1,3,3,1,1,1,1,3,3,1,3,3,3,3,3,1,1,3,3,3,1,3,1,1,1,1,3,1,3,3,3,1,3,3,3,1,3,1,3,1,3,3,1,3,3,3,3,3,1,1,1,3,3,3,3,3,3,1,3,3,3,3,3,3,3,3,3,3,3,3,3,3,3,3,1,3,1,3,1,1,1,1,3,3,3,3,3,3,3,3,3,3,3,3,1,1,1,3,3,3,3,3,3,
1,3,3,3,3,1,3,3,1,3,3,3,3,1,1,3,3,3,1,1,3,3,3,1,3,1,1,3,3,3,1,1,3,1,3,3,1,3,3,1,3,3,3,1,3,3,3,1,1,3,3,3,3,3,3,3,1,1,3,3,3,1,1,3,1,3,1,1,3,1,3,3,3,3,3,1,1,1,3,1,3,3,1,3,3,3,3,3,3,3,3,3,3,3,3,3,3,1,3,3,3,3,3,3,3,1,3,1,1,3,1,3,3,3,1,1,3,1,3,1,1,3,3,1,3,3,1,1,1,
3,3,3,3,3,3,3,3,3,1,1,3,3,3,3,3,3,3,1,1,3,1,1,3,3,1,1,3,3,3,3,3,3,1,3,1,1,3,3,3,3,1,3,3,3,1,3,3,3,3,3,3,3,3,3,3,3,1,1,1,1,3,3,1,3,3,3,1,3,1,1,3,3,3,3,3,1,3,1,1,3,1,1,1,3,3,3,3,3,3,3,3,3,3,3,3,1,3,1,3,1,3,3,3,1,3,3,3,3,1,1,1,1,3,1,1,1,3,3,3,3,1,3,1,1,1,1,3,3,
3,3,1,3,1,1,1,1,1,1,1,3,3,3,3,3,1,3,3,1,1,3,3,3,1,3,3,3,3,3,3,1,3,3,3,1,3,3,3,1,3,3,3,3,3,1,3,1,3,3,3,3,3,3,3,3,3,1,3,3,3,3,1,3,3,3,3,1,3,1,3,1,3,3,3,3,1,1,1,1,3,1,3,1,1,1,3,3,3,3,3,3,3,3,3,3,1,3,3,3,1,3,3,1,1,3,3,3,1,3,3,3,3,3,1,3,1,3,1,3,3,3,3,1,1,1,3,3,3,
1,3,3,1,3,3,3,3,3,3,1,3,1,1,1,3,3,3,3,3,1,3,3,3,1,3,3,3,3,3,1,1,1,1,1,1,3,3,3,3,3,1,3,1,3,1,3,1,3,3,3,3,3,3,3,3,1,3,3,3,1,1,1,1,1,3,3,3,1,3,1,1,1,3,3,3,3,3,3,3,3,1,3,3,3,3,1,1,3,3,3,3,3,3,3,3,1,3,1,3,1,3,3,1,3,3,3,1,1,3,1,3,3,1,3,1,1,3,1,3,3,3,3,3,3,3,3,1,1,
3,3,3,3,1,1,3,1,1,3,1,3,1,3,3,3,3,3,3,1,3,1,3,1,1,3,3,3,3,3,1,3,1,3,1,3,3,3,1,3,3,1,3,3,1,3,1,3,3,3,3,3,3,3,3,3,3,3,3,3,1,3,3,1,1,3,3,1,3,1,3,3,1,3,1,1,1,1,3,3,3,3,1,3,3,3,1,1,1,3,1,1,1,1,3,3,3,1,1,3,1,1,3,3,1,3,1,1,1,3,3,3,3,1,1,1,3,3,1,1,1,1,1,1,3,1,3,3,3,
3,3,3,1,3,3,3,3,3,3,1,3,3,3,3,1,3,3,3,3,1,3,3,1,1,3,3,3,3,3,1,1,1,3,1,3,1,1,1,1,3,1,3,3,3,3,1,3,1,3,3,3,1,3,3,3,3,3,1,3,3,1,1,3,3,3,1,1,1,3,3,1,3,1,3,3,3,3,3,3,3,1,1,1,3,3,3,1,1,3,3,3,3,3,3,3,3,3,1,3,1,1,1,3,1,3,1,3,3,1,3,1,3,1,1,3,1,3,1,1,1,1,3,1,1,3,3,1,1,
3,3,1,3,3,3,3,3,1,3,1,3,3,1,1,3,1,3,3,3,1,3,3,1,1,3,1,1,1,1,3,3,3,3,3,3,3,3,3,3,1,1,1,3,3,3,3,3,1,1,1,1,3,3,3,3,3,3,3,3,3,3,3,3,3,3,1,3,3,3,3,3,3,3,1,3,3,1,1,3,3,3,1,1,3,3,3,3,3,1,3,3,3,3,3,3,3,3,3,3,1,3,1,3,1,1,1,3,3,3,3,1,1,1,3,3,1,3,1,1,3,1,1,3,1,1,3,3,1,
1,3,1,3,1,3,3,1,1,3,3,1,3,3,3,1,3,1,3,1,1,3,3,3,3,1,3,3,1,1,3,3,1,1,3,1,3,3,3,1,3,3,3,1,3,1,3,1,3,1,3,3,1,3,3,3,3,1,3,3,3,3,3,3,3,3,3,1,1,3,3,3,1,3,1,3,3,3,3,1,1,3,1,3,3,3,3,3,3,3,3,3,3,3,3,1,3,3,3,1,1,1,3,1,3,3,3,3,1,3,3,1,1,3,3,3,3,3,1,3,1,3,3,1,1,1,1,1,1,
3,3,3,3,3,3,3,3,3,3,3,3,3,1,3,1,3,1,3,1,1,3,3,1,1,1,1,1,1,3,3,3,3,3,1,3,3,1,1,3,3,3,1,3,1,1,3,3,3,3,3,1,1,3,3,1,1,3,1,1,1,3,3,1,3,1,1,3,3,3,1,1,1,1,3,3,3,3,3,3,1,3,3,3,1,1,1,3,3,3,1,3,3,1,1,1,1,3,1,3,3,3,1,3,3,3,3,1,1,3,1,1,3,3,3,1,1,3,3,3,1,3,3,3,1,3,3,3,1,
1,3,1,1,3,3,3,3,3,3,3,3,1,3,1,3,1,3,1,1,3,3,3,1,1,1,1,1,1,3,3,3,1,3,1,1,3,3,3,3,3,1,3,3,1,1,3,3,3,1,1,3,3,3,1,1,3,3,1,1,1,3,3,3,1,3,3,3,3,3,3,3,3,3,1,3,3,3,3,3,3,3,1,3,3,1,1,1,3,1,3,3,3,3,3,1,1,3,3,3,3,1,1,3,3,3,3,3,3,3,3,1,1,1,1,3,3,3,3,3,1,1,1,3,3,3,3,3,3,
1,3,3,3,3,3,3,3,3,3,1,1,3,1,1,1,3,1,1,1,1,3,1,3,3,3,3,1,3,1,3,3,3,3,3,3,3,3,1,3,3,1,3,1,3,1,3,3,1,1,3,3,1,1,3,3,3,3,3,3,3,1,1,1,1,3,3,3,3,3,3,3,3,3,1,3,3,3,3,3,1,1,1,3,1,1,1,3,1,3,1,1,3,3,3,3,1,3,3,3,3,3,3,3,3,3,1,3,1,3,1,3,3,1,1,3,3,3,3,3,1,1,3,1,1,3,1,3,1,
1,3,1,3,3,3,3,3,3,1,3,3,3,1,3,1,3,3,1,3,1,1,3,3,3,1,3,1,3,3,3,3,3,3,1,3,1,3,3,3,3,3,1,3,1,3,1,1,3,3,1,1,3,3,3,3,1,1,3,1,1,3,1,3,3,3,3,3,3,3,3,3,3,3,3,1,3,3,1,1,3,1,1,3,3,3,1,3,1,1,3,1,3,3,3,1,1,1,3,1,1,3,3,3,3,3,1,3,1,3,1,3,1,1,1,3,1,1,3,3,3,3,3,1,1,1,3,1,3,
3,3,3,3,1,1,3,3,3,1,1,3,1,3,1,3,3,3,3,3,3,1,3,3,3,3,3,3,3,3,1,1,1,3,3,3,1,1,3,3,3,1,1,1,3,1,3,3,1,1,1,3,1,1,1,1,3,3,3,1,1,3,3,1,1,3,3,3,3,3,3,1,1,3,1,1,3,3,1,3,3,1,1,3,3,3,1,3,1,3,3,1,1,1,3,3,1,1,1,3,1,3,3,3,1,1,1,3,1,3,3,3,3,3,3,1,1,3,3,3,3,1,1,1,1,3,3,1,3,
3,1,3,3,1,1,1,3,3,1,3,3,3,3,3,3,3,1,1,3,3,3,3,3,3,1,1,1,3,3,1,3,1,3,3,1,3,3,1,3,3,3,3,3,1,3,3,1,3,1,3,3,3,3,3,1,3,3,3,3,3,1,1,1,1,1,1,3,3,3,1,1,1,3,3,3,3,3,3,3,3,1,1,3,1,3,3,3,3,1,3,3,3,3,3,3,3,1,3,3,1,3,3,1,3,3,3,3,3,1,3,3,1,1,3,3,1,3,3,3,3,3,1,1,1,1,3,3,3,
3,3,3,1,1,3,3,3,1,3,3,3,3,3,1,1,3,3,1,3,3,3,3,3,3,1,1,1,3,3,3,3,1,3,1,1,3,3,3,1,3,3,3,1,1,1,3,1,3,3,3,1,3,1,3,1,3,1,3,1,3,3,1,1,3,3,3,3,3,3,3,3,3,3,3,3,3,3,3,3,3,3,1,1,3,1,3,3,3,3,3,3,3,3,1,3,3,3,1,3,3,3,3,1,3,3,3,3,3,1,3,1,1,1,3,1,3,3,3,3,1,1,1,1,3,3,3,1,3,
3,3,1,3,1,3,3,3,3,3,1,1,3,1,3,3,3,3,3,3,1,1,1,3,3,1,1,3,3,3,3,3,3,3,1,1,3,3,3,1,3,1,1,3,3,1,1,1,3,3,3,1,3,1,1,3,3,1,1,3,3,3,3,3,3,3,3,3,3,3,3,3,1,1,3,3,3,3,3,3,3,3,1,1,3,3,3,1,3,3,3,1,3,3,1,3,1,3,1,3,3,1,3,3,3,3,1,3,3,3,3,1,3,1,3,3,3,1,3,1,1,1,1,3,3,1,3,1,1,
1,3,1,1,3,3,3,1,1,3,3,3,3,3,1,3,3,3,3,3,3,3,1,3,3,3,3,3,3,3,3,1,1,3,1,3,3,3,3,3,3,1,3,1,3,3,3,1,1,3,3,1,3,3,3,1,3,3,3,1,1,3,3,3,1,3,3,1,1,1,3,3,1,1,1,3,3,1,1,1,1,3,3,1,1,3,3,1,3,3,3,3,3,1,1,1,1,1,3,3,1,3,1,1,1,1,3,1,3,1,1,3,3,1,1,3,1,3,3,1,3,1,1,3,3,1,3,3,1,
3,1,3,3,1,1,1,1,3,3,3,3,3,1,3,3,1,3,3,3,3,3,3,1,3,3,3,3,3,1,1,3,3,3,3,1,1,3,1,1,3,3,1,1,3,3,3,3,3,1,3,1,2,2,1,2,2,1,1,1,3,1,1,1,1,3,1,1,3,3,1,3,1,1,3,3,1,1,1,3,1,3,3,1,1,3,3,1,3,3,3,3,3,1,3,3,3,3,3,3,3,1,1,1,3,3,1,1,3,3,3,1,3,1,1,1,3,1,3,3,3,1,3,3,1,1,3,3,1,
3,1,3,3,3,3,3,3,1,3,3,1,1,1,1,1,1,3,3,3,1,1,3,3,1,1,3,1,3,3,3,3,1,1,3,1,2,2,2,1,3,3,1,1,1,1,1,1,1,3,3,2,2,2,2,2,2,2,2,1,3,3,1,1,1,1,3,1,3,3,3,3,3,3,3,1,3,3,3,1,3,3,3,1,3,3,3,1,3,3,3,3,1,1,1,3,3,3,1,3,3,1,3,1,3,3,1,3,3,3,3,1,1,1,1,3,1,1,1,1,3,3,3,1,3,3,3,3,1,
3,1,3,3,3,1,3,1,1,3,3,1,1,1,3,1,1,3,3,1,3,1,3,1,1,3,3,1,3,3,1,1,2,2,2,2,2,2,2,1,1,3,3,3,3,3,3,3,3,1,1,1,2,2,2,2,2,2,2,2,3,3,3,1,1,3,3,1,3,3,3,1,1,1,3,3,3,3,3,3,3,1,1,3,3,3,3,1,1,3,3,1,1,1,3,3,3,3,3,3,3,1,1,1,3,3,3,3,3,3,1,3,3,3,1,1,3,1,1,3,3,3,3,1,3,1,1,3,3,
1,1,1,3,3,3,3,1,1,3,1,1,1,1,1,3,1,1,3,1,3,3,3,1,1,1,1,3,3,3,1,2,2,2,2,2,2,2,2,2,2,1,1,3,3,1,1,1,2,1,2,2,2,2,2,2,2,2,2,2,3,3,3,3,3,3,3,1,3,3,1,3,3,3,3,3,3,1,3,1,3,3,3,1,3,3,3,3,3,3,3,3,1,3,3,3,3,3,1,1,3,1,1,1,1,1,1,3,3,1,3,1,1,1,3,3,3,1,1,3,3,1,3,3,1,3,1,1,3,
1,3,3,3,3,1,3,1,3,3,3,1,1,1,1,1,1,3,3,1,3,1,3,3,3,3,3,1,2,1,1,1,2,2,2,2,2,2,2,2,2,2,1,1,1,1,2,2,2,2,2,2,2,2,2,2,2,2,2,2,2,1,1,3,3,3,3,1,3,3,1,1,3,1,1,3,3,1,3,3,1,3,1,1,1,3,1,1,3,3,3,3,1,3,1,1,3,3,3,1,3,3,3,3,1,1,1,1,3,3,3,3,1,1,3,3,3,3,3,3,1,3,3,3,3,1,1,1,3,
1,3,3,3,3,1,1,3,3,1,1,3,1,1,3,1,1,1,3,3,1,1,3,3,3,3,1,3,2,1,1,2,2,2,2,2,2,2,2,2,2,2,2,2,1,2,2,2,2,2,2,2,2,2,2,2,2,2,2,2,2,2,2,2,3,3,3,3,1,1,3,1,3,3,1,3,3,3,3,1,3,3,3,1,1,3,3,1,3,3,1,3,3,3,1,3,1,3,1,3,1,1,1,3,3,3,3,1,1,1,1,3,3,3,1,1,1,3,1,3,3,3,1,1,3,3,1,3,3,
3,3,1,3,3,1,1,3,1,3,3,1,1,1,3,1,3,1,3,3,1,1,3,3,1,3,1,3,1,2,2,2,2,2,2,2,2,2,2,2,2,2,2,2,2,2,2,2,2,2,2,2,2,2,2,2,2,2,2,2,2,2,2,2,1,2,1,3,3,3,1,3,1,3,1,3,1,1,3,1,3,3,1,1,1,1,1,3,1,1,1,3,3,3,3,1,1,3,1,1,3,3,3,1,3,3,3,1,1,1,1,3,3,1,3,3,3,3,3,3,3,1,3,3,3,3,3,3,3,
1,1,1,3,1,3,3,3,3,1,3,3,3,1,3,3,3,1,3,1,3,1,1,1,1,3,3,3,1,2,2,2,2,2,2,2,2,2,2,2,2,2,2,2,2,2,2,2,2,2,2,2,2,2,2,2,2,2,2,2,2,2,2,2,2,2,2,1,3,3,3,3,3,1,1,3,1,1,3,1,3,3,3,3,3,3,1,1,3,3,3,3,1,3,3,1,1,1,3,3,3,1,1,1,1,3,3,3,3,1,3,1,1,3,3,3,3,3,1,1,3,3,3,3,3,3,3,3,3,
3,1,3,3,1,3,1,1,1,1,1,3,3,3,3,3,1,3,3,3,1,3,3,1,1,1,3,2,2,2,2,2,2,2,2,2,2,2,2,2,2,2,2,2,2,2,2,2,2,2,2,2,2,2,2,2,2,2,2,2,2,2,2,2,2,2,2,2,2,2,1,3,3,1,3,1,1,3,3,3,1,3,1,3,1,3,1,3,1,1,3,3,3,3,3,3,3,3,1,3,3,1,1,3,1,3,3,1,1,3,3,3,3,3,3,1,1,1,1,1,3,1,1,1,3,3,3,3,3,
3,3,3,1,3,3,1,1,3,3,3,1,3,3,1,3,3,1,3,1,1,1,1,3,3,1,3,1,2,2,2,2,2,2,2,2,2,2,2,2,2,2,2,2,2,2,2,2,2,2,2,2,2,2,2,2,2,2,2,2,2,2,2,2,2,2,2,2,1,1,3,3,3,1,3,3,1,1,1,3,1,3,3,3,3,3,3,3,3,1,3,3,1,3,1,1,1,3,3,1,3,3,3,3,3,3,1,1,1,3,1,1,3,3,1,1,1,3,3,1,3,3,1,1,3,1,3,3,1,
3,3,3,1,3,3,1,3,3,3,1,3,1,3,3,3,3,3,3,3,3,3,3,3,3,1,3,2,2,2,2,2,2,2,2,2,2,2,2,2,2,2,2,2,2,2,2,2,2,2,2,2,2,2,2,2,2,2,2,2,2,2,2,2,2,2,2,2,1,3,3,3,3,1,3,3,1,1,1,3,1,3,3,1,3,3,1,3,1,3,1,1,3,3,3,3,1,1,3,1,3,3,3,3,3,3,3,3,3,1,3,3,3,3,3,1,3,3,3,1,3,3,3,3,1,1,1,3,3,
3,1,1,1,3,3,1,3,3,1,3,3,3,3,3,3,1,1,3,3,3,1,3,3,3,3,3,1,2,2,2,2,2,2,2,2,2,2,2,2,2,2,2,2,2,2,2,2,2,2,2,2,2,2,2,2,2,2,2,2,2,2,2,2,2,2,2,1,3,3,3,3,3,1,3,3,3,3,3,1,3,3,3,3,3,1,3,1,1,1,1,3,3,3,1,1,1,1,1,3,1,3,1,1,1,3,1,1,3,3,3,3,1,1,1,1,3,3,3,1,3,3,1,3,3,3,3,3,3,
3,1,1,1,3,1,3,1,3,3,3,1,3,3,3,1,1,1,1,3,3,3,3,3,1,2,1,1,2,2,2,2,2,2,2,2,2,2,2,2,2,2,2,2,2,2,2,2,2,2,2,2,2,2,2,2,2,2,2,2,2,2,2,2,2,2,2,3,3,3,1,3,3,3,3,1,1,1,3,3,1,1,3,3,3,3,3,3,1,1,3,3,3,3,3,3,3,3,3,1,3,3,3,3,3,3,3,3,3,3,3,3,3,3,1,3,3,3,3,1,3,1,1,2,2,2,2,2,2,
3,3,1,3,3,1,3,3,1,1,3,1,3,1,3,3,1,3,3,1,3,1,1,1,1,2,2,2,2,2,2,2,2,2,2,2,2,2,2,2,2,2,2,2,2,2,2,2,2,2,2,2,2,2,2,2,2,2,2,2,2,2,2,2,2,2,2,2,2,1,3,3,3,3,1,3,3,3,3,3,1,3,3,3,3,3,1,1,3,3,3,1,1,3,1,1,1,1,3,3,1,3,3,1,1,3,1,1,1,3,1,3,3,3,3,3,3,1,1,3,1,1,2,2,2,2,2,2,2,
3,3,1,3,3,1,1,3,1,3,3,3,3,3,3,1,1,1,1,2,2,2,2,2,2,2,2,2,2,2,2,2,2,2,2,2,2,2,2,2,2,2,2,2,2,2,2,2,2,2,2,2,2,2,2,2,2,2,2,2,2,2,2,2,2,2,2,2,2,2,1,3,3,1,1,1,3,3,3,3,1,3,1,1,1,1,1,1,3,3,1,3,3,3,3,1,1,3,3,1,3,1,1,1,3,3,3,1,1,3,3,3,3,1,1,3,1,3,1,1,2,2,2,2,2,2,2,2,2,
3,3,3,3,3,1,1,3,1,3,3,3,3,1,3,2,2,2,2,2,2,2,2,2,2,2,2,2,2,2,2,2,2,2,2,2,2,2,2,2,2,2,2,2,2,2,2,2,2,2,2,2,2,2,2,2,2,2,2,2,2,2,2,2,2,2,2,2,2,2,1,1,3,3,3,3,3,3,1,3,1,3,1,3,1,3,3,1,3,3,3,3,1,3,3,3,3,1,1,3,1,3,1,3,3,3,3,3,1,1,1,1,1,1,3,3,1,3,2,2,2,2,2,2,2,2,2,2,2,
1,1,3,3,3,1,3,3,3,3,3,3,3,1,2,1,2,2,2,2,2,2,2,2,2,2,2,2,2,2,2,2,2,2,2,2,2,2,2,2,2,2,2,2,2,2,2,2,2,2,2,2,2,2,2,2,2,2,2,2,2,2,2,2,2,2,2,2,2,2,1,1,1,2,1,1,3,3,3,3,1,3,3,1,1,3,3,3,3,3,3,3,3,1,1,3,3,1,1,1,1,1,3,1,1,3,1,3,1,1,3,3,1,3,3,3,1,1,2,2,2,2,2,2,2,2,2,2,2,
3,1,1,3,3,3,3,3,3,3,3,3,1,1,2,2,2,2,2,2,2,2,2,2,2,2,2,2,2,2,2,2,2,2,2,2,2,2,2,2,2,2,2,2,2,2,2,2,2,2,2,2,2,2,2,2,2,2,2,2,2,2,2,2,2,2,2,2,1,2,2,1,1,2,1,1,3,1,1,3,1,3,3,1,1,3,3,1,3,1,3,3,3,3,3,3,3,3,3,1,3,1,1,1,1,1,3,1,3,3,3,1,1,3,3,1,3,1,2,2,2,2,2,2,2,2,2,2,2,
3,3,1,3,3,3,3,3,1,1,3,1,2,2,2,2,2,2,2,2,2,2,2,2,2,2,2,2,2,2,2,2,2,2,2,2,2,2,2,2,2,2,2,2,2,2,2,2,2,2,2,2,2,2,2,2,2,2,2,2,2,2,2,2,2,2,2,2,2,2,2,1,1,1,1,1,3,3,3,3,1,1,3,3,1,3,1,1,1,1,3,3,3,3,3,1,3,3,3,3,3,3,1,1,1,3,3,3,3,1,3,3,1,3,1,1,1,3,1,2,2,2,2,2,2,2,2,2,2,
3,3,3,3,3,3,3,3,3,3,3,3,1,2,2,2,2,2,2,2,2,2,2,2,2,2,2,2,2,2,2,2,2,2,2,2,2,2,2,2,2,2,2,2,2,2,2,2,2,2,2,2,2,2,2,2,2,2,2,2,2,2,2,2,2,2,2,2,2,2,2,2,2,2,3,3,1,3,3,3,1,3,3,1,3,1,1,1,1,1,3,3,1,3,3,1,1,1,3,3,1,3,1,3,3,1,3,3,3,1,3,1,1,3,1,1,3,3,1,2,2,2,2,2,2,2,2,2,2,
1,3,1,1,3,3,1,1,1,1,3,3,1,2,2,2,2,2,2,2,2,2,1,2,2,2,2,2,2,2,2,2,2,2,2,2,2,2,2,2,2,2,2,2,2,2,2,2,2,2,2,2,2,2,2,2,2,2,2,2,2,2,2,2,2,2,2,2,2,2,2,2,2,1,1,3,1,3,3,3,1,1,1,3,3,3,1,1,1,1,3,3,3,3,3,1,3,3,3,1,3,3,3,3,3,1,3,1,1,3,3,1,3,3,1,1,3,3,3,1,2,2,2,2,2,2,2,2,2,
3,3,1,1,1,1,3,3,3,3,3,2,2,2,2,2,2,2,2,2,2,2,2,2,2,2,2,2,2,2,2,2,2,2,2,2,2,2,2,2,2,2,2,2,2,2,2,2,2,2,2,2,2,2,2,2,2,2,2,2,2,2,2,2,2,2,2,2,2,2,1,1,1,1,3,3,1,3,3,1,1,3,3,3,3,3,1,3,1,3,3,1,1,1,1,3,1,3,3,3,3,3,3,3,3,3,1,3,3,1,1,3,1,1,3,3,1,1,1,3,3,3,3,1,1,1,1,1,3,
3,3,3,1,3,3,3,1,1,2,2,2,2,2,2,2,2,2,2,2,2,2,2,2,2,2,2,2,2,2,2,2,2,2,2,2,2,2,2,2,2,2,2,2,2,2,2,2,2,2,2,2,2,2,2,2,2,2,2,2,2,2,2,2,2,2,2,2,2,2,3,3,3,3,1,1,1,1,3,1,3,3,3,1,1,1,1,3,3,3,3,3,1,3,3,1,1,1,1,3,1,1,1,1,3,3,3,3,1,3,1,1,3,3,1,3,3,3,3,1,1,3,3,1,1,3,1,1,1,
1,3,3,3,1,3,1,1,1,2,2,2,2,2,2,2,2,2,2,2,2,2,2,2,2,2,2,2,2,2,2,2,2,2,2,2,2,2,2,2,2,2,2,2,2,2,2,2,2,2,2,2,2,2,2,2,2,2,2,2,2,2,2,2,2,2,2,2,2,2,3,3,3,1,1,3,1,3,3,3,3,1,3,3,3,3,3,3,1,1,3,3,1,1,1,2,2,1,3,3,1,1,3,3,3,3,3,1,1,1,3,3,3,3,1,1,1,1,1,1,3,3,3,3,3,3,3,3,1,
1,3,1,2,1,1,1,1,1,2,2,2,2,2,2,2,2,2,2,2,2,2,2,2,2,2,2,2,2,2,2,2,2,2,2,2,2,2,2,2,2,2,2,2,2,2,2,2,2,2,2,2,2,2,2,2,2,2,2,2,2,2,2,2,2,2,2,2,2,1,3,3,1,1,3,3,1,1,3,3,3,3,3,1,3,3,3,3,1,3,3,1,2,2,2,2,2,2,1,3,3,1,1,3,3,3,3,3,1,1,3,3,1,3,3,3,3,3,3,1,3,1,1,3,3,3,1,3,3,
1,3,1,2,2,2,1,1,1,2,2,2,2,2,2,2,2,2,2,2,2,2,2,2,2,2,2,2,2,2,2,2,2,2,2,2,2,2,2,2,2,2,2,2,2,2,2,2,2,2,2,2,2,2,2,2,2,2,2,2,2,2,2,2,2,2,2,2,3,3,1,1,1,3,1,3,1,3,3,1,1,3,3,3,3,1,1,1,3,3,3,1,2,2,2,2,2,2,1,3,1,1,3,3,1,1,3,3,1,3,1,3,1,1,3,3,1,1,1,3,1,1,3,3,3,3,1,1,1,
3,3,3,1,2,2,1,3,1,2,2,2,2,2,2,2,2,2,2,2,2,2,2,2,2,2,2,2,2,2,2,2,2,2,2,2,2,2,2,2,2,2,2,2,2,2,2,2,2,2,2,2,2,2,2,2,2,2,2,2,2,2,2,2,2,2,2,3,1,3,3,3,3,1,1,1,3,3,1,3,1,3,1,1,3,3,3,3,3,3,3,1,2,2,2,2,2,1,3,1,1,3,3,1,3,1,3,3,3,1,3,3,3,3,3,3,3,1,3,1,3,3,1,3,3,3,3,3,1,
1,3,3,1,2,2,2,1,1,2,2,2,2,2,2,2,2,2,2,2,2,2,2,2,2,2,2,2,2,2,2,2,2,2,2,2,2,2,2,2,2,2,2,2,2,2,2,2,2,2,2,2,2,2,2,2,2,2,2,2,2,2,2,2,1,3,3,1,1,3,3,3,3,3,3,1,3,1,3,3,3,3,3,1,1,3,3,3,3,1,3,1,2,2,2,2,2,2,3,3,3,3,1,1,1,1,1,3,3,1,3,3,3,1,3,3,3,3,3,3,3,1,3,3,3,3,1,1,3,
3,3,3,1,2,2,2,2,2,1,2,2,2,2,2,2,2,2,2,2,2,2,2,2,2,2,2,2,2,2,2,2,2,2,2,2,2,2,2,2,2,2,2,2,2,2,2,2,2,2,2,2,2,2,2,2,2,2,2,2,2,1,1,1,3,3,1,3,3,3,3,3,3,3,3,3,1,1,3,3,1,1,3,3,1,3,3,1,3,1,1,1,1,1,1,1,1,1,1,3,3,3,3,1,1,1,1,1,3,1,3,3,1,3,1,1,1,1,1,1,3,3,3,1,3,1,1,1,3,
1,1,3,2,2,2,2,2,2,2,1,2,2,2,2,2,2,2,2,2,2,2,2,2,2,2,2,2,2,2,2,2,2,2,2,2,2,2,2,2,2,2,2,2,2,2,2,2,2,2,2,2,2,2,2,2,2,2,2,2,1,1,3,3,3,1,3,3,1,1,3,3,3,1,1,3,3,3,3,3,3,3,3,3,3,3,1,1,1,2,2,2,2,2,2,2,2,2,3,3,1,3,1,1,3,1,1,3,3,1,3,1,3,1,1,1,1,1,3,1,1,3,3,1,3,3,1,1,3,
3,1,3,1,2,2,2,1,2,2,1,1,2,2,2,2,2,2,2,2,2,2,2,2,2,2,2,2,2,2,2,2,2,2,2,2,2,2,2,2,2,2,2,2,2,2,2,2,2,2,2,2,2,2,2,2,2,2,2,1,3,1,1,1,3,3,3,1,3,1,1,1,3,3,3,3,1,1,3,3,3,1,1,3,1,1,1,3,1,2,2,2,2,2,2,1,2,2,1,3,3,3,1,1,1,3,3,1,1,3,1,3,1,3,1,3,1,1,3,1,1,3,3,3,3,1,3,3,1,
1,3,1,3,2,1,1,1,2,1,2,2,2,2,2,2,2,2,2,2,2,2,2,2,2,2,2,2,2,2,2,2,2,2,2,2,2,2,2,2,2,2,2,2,2,2,2,2,2,2,2,2,2,2,2,2,2,2,2,1,3,1,3,3,3,1,1,1,3,3,3,3,1,3,1,1,1,1,3,3,3,3,3,3,3,3,3,1,2,2,2,2,2,2,2,2,2,1,3,3,3,3,3,1,1,3,3,1,3,3,3,3,3,3,3,1,1,1,3,3,3,1,3,1,1,3,1,3,1,
3,3,1,3,1,3,3,1,1,1,2,1,1,2,2,2,2,2,2,2,2,2,2,2,2,2,2,2,2,2,2,2,2,2,2,2,2,2,2,2,2,2,2,2,2,2,2,2,2,2,2,2,2,2,2,2,2,2,2,2,3,3,3,1,3,3,3,1,3,1,1,1,1,1,1,3,1,1,3,3,3,3,3,1,3,3,3,2,2,2,2,2,2,2,2,2,2,1,3,1,3,3,3,1,1,3,3,3,3,1,3,3,1,3,3,3,3,3,3,1,3,3,3,3,1,3,3,3,1,
3,1,1,3,3,3,3,1,3,1,1,3,3,3,1,1,1,2,2,2,2,2,2,2,2,2,2,2,2,2,2,2,2,2,2,2,2,2,2,2,2,2,2,2,2,2,2,2,2,2,2,2,2,2,2,2,2,2,2,2,3,1,1,3,3,3,1,3,3,3,3,1,3,1,3,1,1,1,3,3,3,1,3,1,3,3,3,1,2,2,2,2,2,2,2,2,2,1,3,1,3,3,3,3,3,3,3,3,3,3,1,3,3,3,1,3,3,1,3,3,3,3,3,1,1,3,3,1,3,
1,1,3,1,1,1,3,1,3,3,3,1,1,1,1,3,3,1,3,1,1,2,2,2,2,2,2,2,2,2,2,2,2,2,2,2,2,2,2,2,2,2,2,2,2,2,2,2,2,2,2,2,2,2,2,2,2,2,1,3,1,3,3,1,1,3,1,3,3,3,3,3,1,3,3,1,1,3,3,3,3,1,3,3,3,3,1,2,2,2,2,2,2,1,1,1,3,1,1,3,1,1,3,3,3,1,3,3,3,3,1,1,3,3,3,3,3,1,1,3,3,3,3,1,3,1,1,3,3,
3,3,3,3,3,1,3,3,3,1,1,1,3,1,3,1,1,3,3,3,3,3,2,2,2,2,2,2,1,2,1,2,2,2,2,2,2,2,2,2,2,2,2,2,2,2,2,2,2,2,2,2,2,1,1,1,1,3,1,3,3,3,1,3,1,3,3,1,3,3,3,3,1,1,3,1,1,3,3,3,3,1,3,3,3,1,3,1,1,1,2,2,1,2,3,3,3,3,3,3,3,3,3,3,3,3,1,1,3,1,1,3,1,3,1,1,1,1,1,3,3,3,3,1,1,3,1,1,3,
3,1,1,3,1,1,1,1,1,1,3,1,1,1,1,3,3,3,3,3,1,1,3,3,3,1,1,1,3,1,1,2,2,2,2,2,2,2,2,2,2,2,2,2,2,2,2,2,2,2,2,2,1,1,3,3,1,3,1,3,3,3,3,3,1,1,3,3,3,1,3,3,3,3,3,3,1,1,3,3,1,1,3,3,3,3,1,3,1,1,1,1,1,1,1,3,1,3,3,3,1,3,3,3,3,3,3,1,3,3,3,3,3,3,3,3,3,3,3,3,3,3,1,3,3,1,3,3,3,
3,1,1,3,3,3,1,3,1,3,1,3,1,3,1,1,3,1,3,3,1,3,1,3,3,3,3,3,3,3,3,1,2,1,1,1,2,2,2,2,2,2,2,2,2,2,2,2,1,2,3,3,3,3,1,3,3,3,3,1,3,3,1,1,1,1,3,3,1,3,3,3,3,3,3,3,3,3,1,1,3,3,3,3,3,3,1,3,1,1,3,1,1,1,3,3,1,3,3,1,3,3,3,1,1,3,1,3,3,3,3,3,3,3,1,1,3,3,3,1,3,1,1,3,3,1,3,3,1,
3,3,3,1,3,3,3,3,3,3,3,3,3,3,3,3,3,3,1,1,3,3,1,1,3,1,3,1,3,3,1,3,1,1,3,3,3,2,2,2,2,2,2,2,2,2,2,1,1,3,3,3,3,1,3,3,3,1,1,3,3,3,3,3,1,3,3,3,1,1,3,3,3,3,3,1,3,3,3,1,3,1,3,3,3,1,3,3,1,3,3,1,2,2,1,3,1,3,3,3,3,3,3,3,1,3,3,3,3,1,1,1,1,3,3,3,3,3,3,3,3,1,1,3,3,1,1,1,3,
3,3,1,1,3,3,1,1,1,1,1,1,1,1,1,1,3,3,1,1,3,3,3,3,1,1,3,3,1,1,1,3,3,3,3,3,3,3,2,2,2,2,2,2,1,1,1,1,3,1,1,1,3,3,3,3,3,1,1,3,3,3,1,3,3,3,3,1,1,3,3,3,1,1,3,1,3,3,1,1,1,1,3,1,3,3,3,3,3,3,3,3,3,3,3,3,1,3,3,3,3,1,1,3,1,3,1,1,3,1,3,1,1,1,3,3,1,1,3,3,3,3,3,3,3,3,3,1,3,
3,3,3,3,1,3,3,3,3,3,3,3,3,3,3,1,3,3,1,1,3,1,1,1,3,3,3,3,3,3,1,3,1,1,1,1,3,1,1,1,2,1,1,1,3,3,1,3,3,1,3,3,1,1,1,3,3,1,1,3,3,3,3,3,1,3,1,1,3,1,1,1,1,3,1,1,3,1,1,3,1,3,1,3,1,1,1,1,3,3,3,3,3,3,1,3,3,3,3,3,3,1,3,1,1,3,1,1,1,1,3,1,3,3,1,3,3,3,3,3,1,1,1,1,1,3,3,3,3,
3,3,3,3,3,1,1,3,3,3,3,1,3,3,3,3,1,3,3,1,1,1,3,3,3,3,3,3,1,1,3,1,1,1,1,1,1,3,1,1,2,1,2,1,1,3,3,3,3,1,3,3,3,3,3,3,3,1,3,3,1,3,3,3,1,3,1,3,3,1,1,1,3,3,3,3,3,3,1,1,3,1,3,3,3,1,3,3,3,1,3,1,3,1,1,1,1,3,3,3,3,3,1,1,3,3,3,1,3,3,3,3,3,3,1,3,3,1,3,3,3,3,1,3,1,3,3,3,3,
3,3,3,1,1,1,1,3,3,1,1,1,3,3,1,3,3,1,3,3,3,3,1,3,1,1,1,1,3,1,3,3,3,3,1,1,3,3,1,2,2,2,2,2,1,3,3,3,3,3,3,1,1,1,1,3,3,1,3,1,1,3,3,3,3,3,3,3,3,1,1,3,1,1,3,3,3,3,3,3,3,1,1,1,3,1,1,3,3,1,1,1,3,1,1,1,1,3,3,3,3,1,1,1,3,3,3,3,3,3,1,1,1,3,1,3,1,3,1,3,3,3,3,1,1,3,3,3,3,
1,3,3,1,3,3,1,3,3,3,3,3,3,3,3,3,3,3,1,1,1,1,3,3,3,1,3,3,3,3,1,3,3,1,1,1,3,3,1,2,2,2,2,1,3,3,3,3,3,1,1,3,3,1,1,3,1,3,3,1,1,3,3,3,1,3,1,1,3,3,1,3,1,1,1,3,1,1,3,3,3,1,1,3,3,3,3,1,3,1,1,3,3,3,1,1,3,3,3,3,3,1,1,1,1,3,3,3,1,1,1,1,1,1,1,3,3,3,1,3,3,3,3,3,3,1,3,3,3,
3,1,1,3,3,3,3,3,3,3,1,3,3,1,3,3,3,1,3,3,3,3,1,1,1,1,3,1,3,3,1,3,3,1,1,1,1,3,3,1,2,2,2,1,3,3,1,3,1,1,3,3,1,1,1,1,1,3,3,3,3,1,3,1,3,1,3,1,1,3,3,3,1,3,3,3,3,3,3,3,3,3,3,3,3,3,3,3,1,3,3,1,3,3,3,3,3,3,3,3,3,1,3,1,1,1,3,3,1,1,1,3,3,1,1,1,3,1,3,1,3,3,3,1,1,3,3,3,3,
1,3,1,3,3,3,1,1,3,3,1,1,1,3,3,3,1,3,3,1,1,3,1,1,3,1,3,3,1,3,3,3,1,3,3,3,3,1,3,1,2,2,2,1,3,1,3,1,3,1,3,3,1,3,3,1,3,1,1,1,3,3,3,3,3,1,3,1,3,1,1,1,3,1,3,1,3,1,3,3,3,3,3,3,3,3,3,1,3,3,3,1,3,3,3,3,1,3,3,3,3,3,3,3,3,3,3,3,1,1,1,1,3,1,1,3,3,3,1,3,1,3,1,3,3,1,3,3,1,
1,1,1,3,3,1,3,1,1,1,3,1,1,3,3,3,3,3,3,3,3,1,3,1,1,3,1,3,1,3,1,3,3,3,1,1,3,3,1,3,1,1,1,3,3,1,3,3,3,3,1,3,1,3,1,1,1,3,1,3,3,3,1,1,3,3,1,3,3,1,1,1,1,1,3,1,3,1,1,1,1,3,3,3,3,3,1,3,3,3,3,1,1,3,3,1,1,3,3,3,1,2,2,1,1,1,3,1,1,3,1,1,1,3,1,1,3,1,1,1,3,3,1,1,3,1,1,1,3,
3,3,1,3,1,1,3,3,3,1,3,3,3,3,3,3,3,3,3,1,3,1,1,1,3,3,3,3,3,3,3,3,3,3,1,3,1,3,1,3,1,3,3,3,3,1,3,3,3,3,1,1,3,3,1,1,3,3,3,1,3,3,1,3,3,3,3,3,3,3,3,1,3,3,1,3,1,1,1,1,3,3,3,1,3,3,1,1,1,3,3,3,1,3,1,3,1,1,1,1,1,2,1,1,1,1,3,3,3,3,3,1,1,3,1,3,1,3,3,1,3,1,3,3,3,3,3,1,3,
3,3,3,3,1,3,3,1,3,1,1,3,1,3,3,3,1,3,1,3,3,1,1,3,3,1,1,3,1,3,3,3,1,3,3,3,1,3,1,1,3,3,3,1,3,1,3,3,3,3,3,3,1,1,1,1,1,1,3,3,1,3,1,3,3,3,3,3,3,3,3,1,3,1,3,1,3,3,1,1,3,3,3,3,3,1,1,3,1,3,3,1,3,3,1,1,1,1,1,1,1,1,1,1,1,1,3,3,3,3,1,1,1,3,3,3,3,1,3,3,1,3,1,1,1,3,1,3,3,
=======
3,1,3,3,1,1,3,3,3,1,1,3,3,3,3,3,3,3,3,3,3,3,3,3,3,3,3,3,3,3,3,3,3,3,3,1,3,1,1,3,3,3,3,1,1,1,3,1,1,3,1,3,3,3,1,3,3,3,1,3,1,3,3,1,3,3,1,3,3,3,3,3,1,1,1,3,3,3,3,1,3,3,3,3,3,1,1,3,1,1,3,1,3,1,3,1,3,1,3,1,3,3,1,1,1,3,3,1,1,3,1,1,3,3,3,3,1,1,3,1,1,3,1,1,1,3,3,1,3,
1,1,1,3,1,3,3,1,3,3,3,3,3,3,3,3,3,3,3,3,3,3,3,3,3,3,3,3,3,3,3,3,3,3,3,3,3,3,1,3,3,3,3,3,1,1,3,3,3,1,1,3,1,1,1,1,3,1,3,3,3,3,1,3,3,3,1,3,3,3,1,3,3,1,1,3,3,1,3,3,3,3,3,3,1,1,3,3,3,3,3,1,3,1,3,1,3,1,3,1,1,3,3,3,3,1,1,1,3,3,3,1,1,3,1,3,1,1,1,3,3,1,1,1,3,1,3,1,1,
1,1,1,1,1,3,3,1,3,3,3,3,3,1,3,3,3,3,3,3,3,3,3,3,3,3,3,3,3,3,3,3,3,3,3,3,3,3,1,1,3,1,3,3,3,3,3,1,1,3,3,3,3,3,1,3,3,3,1,3,3,3,3,3,3,3,1,1,3,3,1,1,3,3,3,3,3,1,1,3,3,3,3,1,1,3,3,3,1,1,1,3,3,1,3,1,3,3,1,1,3,1,1,3,3,1,1,3,3,3,3,3,3,1,3,1,1,3,3,3,1,3,3,3,1,3,1,1,3,
3,1,1,3,1,1,1,3,1,1,1,3,3,3,1,3,3,3,3,3,3,3,3,3,3,3,3,3,3,3,3,3,3,3,3,3,3,3,3,1,3,3,3,3,1,1,3,3,3,1,1,1,3,3,1,3,3,3,3,3,3,1,1,3,1,1,1,1,3,3,3,3,3,1,3,3,3,1,1,3,3,3,3,1,3,3,3,1,1,3,3,1,1,3,3,1,3,3,3,1,3,3,3,1,3,3,1,3,3,3,3,3,3,3,3,3,3,3,1,1,1,1,1,3,1,3,1,3,1,
1,3,3,3,3,3,1,3,3,3,3,3,3,1,3,3,3,3,3,3,3,3,3,3,3,3,3,3,3,3,3,3,3,3,3,3,3,3,3,3,1,3,3,1,1,3,1,3,3,3,3,1,3,3,3,3,3,3,3,3,3,1,1,3,1,3,3,1,1,1,3,1,3,3,1,3,1,1,1,1,3,3,3,1,3,3,1,3,3,1,3,3,3,1,1,3,1,1,1,3,1,3,3,3,3,3,3,3,1,3,3,3,3,3,3,1,1,1,3,3,3,3,1,1,3,1,1,3,3,
1,3,3,3,3,1,1,3,3,3,3,1,1,1,3,1,1,1,1,3,1,1,1,1,3,3,3,3,3,3,3,3,3,3,3,3,3,3,3,3,3,3,1,3,3,3,1,3,3,3,1,1,3,3,3,1,3,3,3,1,3,1,3,3,3,3,3,1,1,1,1,1,1,1,1,3,1,1,3,3,3,3,1,3,1,3,3,3,1,1,3,3,3,1,1,3,1,1,3,3,1,3,1,1,3,3,1,3,3,3,1,3,1,1,3,1,3,3,1,3,3,3,3,3,3,3,1,1,3,
3,3,3,3,3,1,1,3,3,3,3,1,1,3,1,1,3,1,3,3,3,3,3,3,3,3,3,3,3,3,3,3,3,3,3,3,3,3,3,3,3,3,3,1,3,1,1,3,3,3,3,3,3,3,3,3,3,3,3,1,3,1,1,3,3,3,3,3,3,1,3,3,1,1,3,3,3,3,3,3,1,1,3,1,1,3,1,1,3,1,3,1,1,1,3,3,1,3,3,3,3,3,3,1,3,1,3,1,3,1,3,1,1,1,3,1,3,3,3,1,1,1,1,3,1,3,3,3,3,
3,1,3,3,1,3,3,3,1,3,3,3,3,1,3,3,1,3,3,1,1,1,3,1,3,3,3,3,3,3,3,3,3,3,3,3,3,3,3,3,3,3,3,3,3,3,3,1,3,3,3,3,1,3,3,3,1,1,3,3,1,3,3,3,3,3,3,3,3,1,3,1,1,3,1,1,3,3,1,1,3,3,3,3,3,1,1,3,3,1,3,1,3,3,3,1,3,1,3,3,1,1,3,3,1,3,3,1,1,3,3,1,1,3,1,3,3,1,1,3,3,3,3,3,3,1,1,3,1,
1,3,3,3,3,3,3,1,1,3,3,1,1,3,1,3,3,3,3,3,3,1,3,1,3,1,3,3,3,3,3,3,3,3,3,3,3,3,3,3,3,3,3,3,3,3,3,3,1,3,3,3,3,1,3,3,3,3,3,3,3,3,3,3,3,3,3,3,3,1,1,1,3,3,1,1,1,1,3,3,3,3,3,3,1,1,3,3,3,1,3,1,3,3,1,3,1,3,3,1,3,1,3,3,3,1,3,3,3,3,1,3,3,3,3,3,3,1,3,3,1,1,3,3,3,3,1,1,3,
1,1,3,1,3,1,3,3,3,1,1,1,3,1,1,1,1,1,1,3,1,3,3,1,1,3,1,3,3,3,3,3,3,3,3,3,3,3,3,3,3,3,3,3,3,1,1,3,1,1,3,3,3,3,1,3,1,1,3,3,3,1,3,1,3,3,3,3,3,1,1,1,3,3,1,1,1,3,3,1,1,1,3,3,3,1,1,1,1,3,1,3,3,3,1,3,1,3,1,3,1,3,3,1,1,3,1,3,3,3,3,3,1,3,3,1,3,3,1,1,1,3,3,3,3,3,1,1,3,
1,1,3,3,3,3,1,3,3,3,3,3,1,3,3,3,3,3,3,1,3,3,3,3,1,3,1,3,3,3,3,3,3,3,3,3,3,3,3,3,3,3,3,3,3,1,1,3,1,1,1,3,3,3,3,3,1,3,3,3,3,1,1,1,1,3,3,3,3,3,1,3,3,3,3,1,1,3,3,3,1,1,1,3,1,3,3,3,3,1,3,3,3,3,1,3,3,3,3,3,3,3,1,3,3,3,1,3,3,1,1,3,3,3,1,1,1,1,1,1,3,1,1,3,3,3,3,3,1,
1,3,1,3,3,3,3,3,1,3,3,1,1,3,3,3,3,3,3,3,1,3,3,3,3,3,3,3,3,3,3,3,3,3,3,3,3,3,3,3,3,3,3,3,3,3,1,1,1,3,1,3,3,3,3,3,3,3,3,3,3,3,1,1,3,1,3,3,3,3,3,3,1,3,1,3,3,3,3,3,3,3,3,1,3,3,1,3,1,3,1,3,3,1,3,3,1,3,3,3,1,3,3,1,3,3,1,3,3,1,3,1,1,3,1,3,3,3,3,3,3,3,1,3,3,1,1,3,1,
1,1,1,1,3,3,1,1,1,1,1,1,1,3,1,3,3,3,3,3,3,1,3,3,1,3,3,3,3,3,3,3,3,3,3,3,3,3,3,3,3,3,3,3,3,3,1,3,3,3,1,3,3,3,3,3,3,3,3,3,3,1,3,1,1,1,3,1,1,1,1,3,1,1,3,1,1,1,3,3,3,3,3,3,3,1,3,3,1,1,1,1,1,1,1,3,1,3,3,1,3,3,3,1,3,1,3,3,3,3,3,3,1,3,3,1,3,1,3,3,3,3,3,3,1,1,3,3,1,
3,3,1,1,3,1,1,3,3,3,1,1,3,3,1,1,3,3,3,3,3,3,1,3,3,1,3,3,3,3,3,3,3,3,3,3,3,3,3,3,3,3,3,1,3,3,3,3,3,3,1,3,3,1,1,3,1,1,1,1,1,1,3,3,3,3,3,1,3,1,3,3,3,1,1,3,3,3,3,1,3,1,3,3,3,3,1,3,3,3,3,3,3,3,1,3,1,1,3,3,1,1,3,1,3,3,1,3,3,1,1,3,1,1,1,1,1,3,3,3,3,1,3,1,3,3,1,3,1,
1,3,3,1,1,1,1,3,1,3,3,3,3,1,3,1,3,3,3,3,1,3,1,3,3,1,3,3,3,3,3,3,3,3,3,3,3,3,3,3,3,3,3,1,3,3,3,3,1,3,3,3,3,3,3,3,1,1,3,3,3,3,1,1,3,3,3,1,3,3,3,3,3,3,3,3,1,1,1,3,3,3,1,3,1,3,3,3,1,2,2,1,3,2,2,2,2,1,3,3,3,1,3,3,1,3,3,3,3,3,3,3,3,3,1,3,3,1,1,1,1,1,3,3,1,3,3,3,1,
1,1,3,3,3,3,3,1,1,1,3,3,3,3,3,3,3,1,3,3,3,3,1,3,3,3,3,3,3,3,3,3,3,3,3,3,3,3,3,3,3,3,1,1,3,3,3,1,1,3,1,1,1,3,3,3,3,3,3,3,1,1,3,3,1,1,1,1,1,3,1,3,3,1,1,3,1,3,3,3,3,3,1,3,3,3,3,3,1,2,2,2,2,2,2,2,2,3,3,3,3,1,3,3,1,1,1,3,3,3,1,3,3,3,1,3,1,3,3,3,3,3,3,1,1,1,3,1,3,
1,3,1,1,1,3,3,1,3,3,1,1,3,3,3,3,3,3,1,3,3,3,1,3,1,3,3,3,3,3,3,3,3,3,3,3,3,3,3,3,3,1,3,3,3,3,1,1,1,3,1,1,3,1,1,1,1,3,3,3,3,3,3,1,3,3,1,1,3,3,3,3,3,1,1,1,3,3,3,1,1,3,1,3,1,3,3,1,1,2,2,2,2,2,2,2,2,1,3,3,3,3,3,3,1,1,1,3,1,3,3,3,3,3,3,3,3,3,1,3,1,3,1,1,1,1,1,3,3,
3,1,1,1,3,3,1,3,3,1,1,1,3,1,1,1,3,1,1,3,3,3,3,3,3,1,1,1,3,3,3,1,3,3,1,1,1,1,1,1,1,3,3,1,3,1,1,1,3,1,3,3,3,1,1,1,3,3,3,3,3,3,3,1,3,3,3,1,3,1,3,3,3,3,1,3,3,3,3,3,3,1,1,3,3,1,3,3,3,2,1,2,2,2,1,1,1,3,1,1,3,3,3,1,1,3,1,1,1,3,1,3,3,1,3,3,1,3,3,1,1,1,1,3,3,3,1,1,3,
3,3,1,1,3,3,3,3,3,3,3,3,1,3,3,3,3,1,3,3,1,3,1,1,3,3,1,1,3,3,1,1,3,3,3,3,3,3,1,1,3,3,1,3,1,3,1,3,3,3,1,3,3,3,3,3,3,3,1,1,1,1,1,1,3,3,3,1,1,1,3,3,3,3,3,1,1,3,1,3,3,1,3,3,3,1,3,3,3,1,2,2,2,1,3,3,3,1,1,3,3,1,1,1,3,3,3,3,3,1,3,1,1,1,3,3,3,3,3,3,3,3,3,3,3,1,3,3,3,
1,1,1,1,3,3,1,1,3,3,3,3,1,3,1,3,3,3,1,3,1,3,1,1,1,3,3,1,1,1,3,3,3,3,3,3,1,3,1,3,3,1,1,3,3,3,3,3,3,1,1,1,3,3,3,1,1,3,3,3,3,1,1,1,3,1,3,3,3,3,3,3,3,1,3,3,3,1,3,3,3,1,3,3,3,3,1,3,1,3,1,1,3,1,3,3,3,3,1,1,3,1,3,3,3,1,1,1,1,3,3,3,3,3,3,1,3,1,3,1,3,3,3,1,3,3,3,3,3,
3,3,3,3,1,1,1,3,3,1,3,3,3,1,3,1,3,1,1,3,1,3,1,1,1,3,3,3,3,3,1,1,3,3,1,3,1,3,3,3,3,3,3,3,3,1,1,3,3,1,3,3,3,3,3,1,3,3,1,3,3,3,1,3,3,3,3,3,3,3,1,3,3,1,1,3,3,1,3,3,3,3,1,1,3,1,1,3,3,3,1,1,3,3,3,3,1,3,1,3,3,1,1,3,3,3,3,3,3,1,3,3,1,1,3,1,1,3,1,3,3,3,1,3,3,3,3,3,3,
3,3,3,1,1,1,1,3,3,3,1,3,3,1,1,3,3,1,3,3,3,3,3,1,1,3,3,3,3,1,3,3,1,3,1,3,3,3,1,3,3,1,3,1,3,1,3,1,1,3,3,1,3,3,1,3,3,3,1,1,3,1,3,3,3,3,3,3,1,3,1,3,1,3,3,3,3,1,1,1,3,1,3,3,3,3,3,3,3,3,3,3,3,3,3,3,3,1,1,1,1,3,3,3,1,1,1,3,3,3,3,3,3,3,1,3,3,3,3,1,1,3,3,3,1,3,1,3,3,
3,3,3,1,3,1,1,3,3,1,3,3,3,3,1,3,1,3,3,3,3,3,3,3,3,1,3,3,3,3,1,1,3,3,3,3,3,1,3,3,3,3,3,3,1,3,3,3,3,3,3,3,1,1,3,3,3,3,3,1,3,1,3,3,3,3,3,3,3,3,1,3,3,3,3,3,3,3,1,1,1,3,3,3,1,1,3,3,1,3,3,3,3,1,3,3,3,1,3,3,3,3,1,1,3,1,1,1,3,1,3,3,3,3,3,3,3,3,1,3,3,3,1,1,1,1,3,1,3,
3,3,3,3,1,1,3,1,3,3,1,3,3,3,3,3,1,1,3,1,3,1,1,3,1,3,1,3,3,3,3,3,1,3,1,1,1,1,1,3,3,1,1,1,3,3,3,3,3,3,1,3,3,3,3,3,3,3,3,3,3,1,3,3,3,3,3,3,3,1,3,3,3,3,3,3,1,1,1,3,3,3,3,1,3,3,1,3,3,3,3,3,3,3,3,3,3,1,3,3,3,1,3,1,3,1,3,3,3,3,1,3,1,3,3,3,1,1,3,3,3,3,3,1,1,3,1,1,1,
3,3,3,3,3,3,1,3,1,3,1,1,3,1,1,3,1,3,1,3,1,3,1,1,1,1,1,1,3,3,1,1,1,3,3,3,3,3,3,3,3,1,3,3,3,3,1,1,3,3,1,1,1,1,1,1,3,3,3,3,3,3,3,3,3,3,1,1,3,1,3,3,1,1,1,3,1,1,3,3,3,3,1,3,3,3,3,3,3,1,1,3,3,3,1,1,1,3,3,3,3,3,3,3,1,1,3,3,3,3,1,3,1,3,3,1,1,3,1,3,3,3,3,3,1,3,3,1,1,
3,3,1,3,3,1,3,1,1,3,1,1,3,1,3,3,1,1,1,3,1,3,3,3,3,1,3,3,3,3,3,1,1,3,3,3,3,3,3,1,3,3,1,1,1,1,3,1,3,3,3,1,1,3,3,3,3,3,1,3,3,3,3,3,3,3,3,3,3,1,3,3,1,1,1,1,3,3,3,1,3,3,1,3,3,3,1,3,1,1,3,3,1,3,1,1,1,1,3,3,3,3,1,3,1,3,1,3,3,3,3,1,3,3,3,1,3,3,3,3,1,1,3,3,1,3,3,3,3,
3,3,3,3,3,1,1,1,1,3,3,3,3,3,3,3,3,1,3,3,1,1,1,3,3,3,3,3,3,3,3,3,1,3,1,3,3,3,3,1,3,3,3,3,3,3,3,3,1,3,1,3,3,3,3,3,3,1,1,3,3,3,3,3,3,3,3,1,1,3,3,1,3,1,3,3,3,3,3,1,3,1,3,3,3,1,1,1,3,3,1,1,3,1,3,3,3,3,3,1,3,3,1,3,1,3,3,3,1,3,3,1,1,3,3,3,1,1,3,3,1,1,3,1,3,3,3,1,1,
3,3,3,3,1,3,3,1,1,3,3,3,3,3,1,3,1,3,3,3,3,3,1,3,3,3,3,1,3,3,1,3,3,3,3,3,3,3,3,1,3,1,3,3,3,3,3,3,3,1,1,3,3,3,3,3,3,1,3,1,3,3,3,3,3,3,3,3,3,3,1,3,3,1,3,3,3,3,1,3,3,1,3,1,1,3,3,3,1,3,1,3,3,1,3,3,3,1,1,3,3,3,3,3,3,3,1,1,1,3,3,3,1,1,1,3,1,3,1,3,3,3,3,3,3,1,3,1,3,
3,3,1,1,3,3,1,1,1,1,3,3,3,3,1,3,3,3,3,1,1,1,1,3,3,1,1,3,1,3,3,1,3,3,3,3,3,3,3,1,1,1,1,1,3,3,3,3,3,1,3,3,1,3,3,3,1,1,3,1,3,3,3,3,3,3,3,1,1,3,3,3,1,1,3,1,3,1,3,1,3,3,3,1,3,1,3,3,3,1,3,1,3,3,3,3,3,1,3,3,3,1,3,3,3,1,3,1,3,1,3,1,3,3,3,1,3,1,1,1,1,3,1,3,3,1,1,3,3,
1,1,2,3,3,3,1,3,3,3,3,3,3,1,3,1,3,3,3,1,1,1,3,1,1,3,3,3,1,3,3,3,3,3,3,1,1,1,3,3,3,3,1,3,3,3,1,3,3,3,1,3,1,1,3,3,3,1,3,1,3,3,3,3,3,3,3,3,1,3,3,1,3,3,3,3,3,1,3,3,3,3,1,1,3,1,3,1,3,3,1,1,3,3,3,1,1,3,1,3,1,3,1,3,1,3,3,3,3,1,3,3,3,3,3,3,3,3,1,1,3,1,1,3,3,3,3,3,1,
2,2,2,1,3,3,3,1,3,1,3,1,1,3,3,1,1,1,1,3,3,3,3,1,3,3,1,1,3,3,3,1,3,3,3,3,3,3,1,1,1,3,3,1,1,1,1,3,3,3,1,1,1,1,1,1,1,1,3,1,3,3,3,3,3,3,3,3,3,1,3,1,1,1,3,1,1,1,3,3,3,3,3,3,1,3,3,1,3,3,3,3,3,3,1,3,3,1,1,3,3,1,3,3,1,3,3,3,3,1,1,3,3,3,1,1,3,3,1,3,1,3,1,1,3,3,3,1,1,
2,2,2,1,3,3,1,3,3,3,3,1,3,3,1,1,1,3,1,1,3,1,3,3,3,3,1,3,3,3,3,3,3,1,1,3,3,3,3,3,3,3,3,3,1,3,1,3,3,1,1,1,3,1,3,1,3,3,3,1,3,3,3,3,3,3,3,3,3,3,3,3,3,1,3,1,3,3,3,3,1,1,3,1,3,3,3,3,1,1,1,1,1,1,1,3,1,1,3,1,3,3,1,3,3,3,1,3,3,1,1,1,3,3,3,3,1,3,1,3,1,1,3,3,3,3,1,3,1,
2,2,2,2,3,3,3,1,1,3,3,3,3,1,3,1,3,1,1,1,3,1,3,3,3,1,3,1,3,3,1,1,3,3,3,1,3,3,3,1,1,3,3,3,1,1,1,1,3,3,1,3,3,3,3,1,3,3,1,1,3,3,3,3,3,3,3,3,3,1,1,3,3,3,3,1,3,3,1,1,1,1,3,3,3,3,3,3,1,3,3,3,3,3,3,3,3,3,1,3,1,1,1,3,3,3,3,3,3,3,1,3,3,3,3,3,3,1,1,3,3,3,3,3,3,3,3,1,3,
2,2,2,1,3,3,3,3,1,1,1,1,3,1,3,3,3,3,3,3,3,3,3,1,1,3,3,1,3,3,3,3,3,3,1,3,3,3,3,3,3,3,3,3,1,1,3,1,1,3,3,3,3,1,3,3,1,3,3,3,3,3,3,3,3,3,3,3,3,3,1,1,1,3,1,3,3,3,3,3,3,1,3,1,3,1,3,3,3,3,3,3,1,3,3,1,3,3,1,3,1,1,3,3,3,3,3,3,3,1,3,3,3,3,1,1,3,3,3,3,1,3,1,3,1,3,3,1,3,
2,2,2,1,1,1,3,3,3,3,3,3,3,3,3,3,3,1,3,3,3,3,1,3,3,3,3,1,3,3,1,1,1,1,3,1,3,1,3,3,1,1,3,1,3,3,3,3,3,1,3,3,1,3,1,1,3,3,3,3,3,3,3,3,3,3,3,3,3,3,3,3,1,1,3,1,1,3,3,3,3,3,3,1,3,3,1,1,1,3,3,3,3,3,3,3,1,3,3,3,3,1,1,3,3,3,3,3,1,3,3,3,3,3,1,1,3,3,3,3,3,1,1,3,1,1,1,1,3,
2,2,2,2,1,1,1,3,3,3,1,3,3,1,3,1,3,3,3,3,3,3,3,3,1,1,3,3,3,1,1,3,3,3,1,1,3,3,1,1,3,3,3,3,3,1,1,1,3,1,1,1,1,3,3,3,3,3,3,3,3,3,3,3,3,3,3,3,3,3,3,3,3,3,3,3,3,3,3,3,1,1,3,1,1,3,3,3,3,3,1,1,1,3,3,3,1,1,1,1,3,3,3,3,3,3,1,1,1,3,1,3,1,3,3,3,3,1,3,3,1,1,3,3,3,3,1,3,3,
2,2,2,2,2,2,2,1,1,1,3,3,3,3,3,3,1,3,3,1,1,1,3,1,1,3,1,3,3,1,3,3,1,3,3,3,3,1,3,3,3,1,3,1,3,3,3,3,3,3,3,3,3,3,3,3,3,3,3,3,3,3,3,3,3,3,3,3,3,3,3,3,3,3,3,3,1,3,1,3,1,1,1,1,3,3,3,3,3,3,1,3,1,3,3,3,3,1,3,3,1,1,3,1,3,3,3,1,1,3,3,3,3,3,3,3,3,3,3,1,1,1,3,3,3,1,1,1,3,
2,2,2,2,2,2,2,2,2,3,3,1,3,3,3,3,1,1,3,3,3,3,1,1,1,3,3,1,1,3,1,3,1,3,1,1,1,3,3,1,1,3,3,3,3,1,1,3,1,3,3,3,3,3,3,3,3,3,3,3,3,3,3,3,3,3,3,3,3,3,3,3,3,3,3,3,1,3,1,1,3,1,3,3,3,3,3,3,3,3,3,3,1,3,3,1,1,3,3,1,3,3,1,3,3,3,3,3,1,3,3,3,3,3,3,3,3,1,3,3,3,3,1,1,3,1,1,1,1,
2,2,2,2,2,2,2,2,2,2,1,3,3,3,3,1,1,1,3,3,3,1,3,3,3,3,3,3,3,3,1,3,3,1,3,3,3,3,1,3,1,3,1,1,3,3,3,3,1,3,3,3,3,3,3,3,3,3,3,3,3,3,3,3,3,3,3,3,3,3,3,3,3,3,3,3,3,1,3,3,3,3,3,1,3,3,3,1,1,1,3,3,3,1,3,3,3,3,3,3,3,3,1,1,3,3,3,3,3,3,3,3,3,3,3,3,3,1,3,3,3,3,3,1,3,1,3,3,3,
2,2,2,2,2,2,2,2,2,2,2,1,3,1,1,3,3,3,3,3,1,3,3,3,1,3,3,1,3,3,3,3,3,1,1,3,3,1,3,1,3,3,3,3,3,3,3,3,3,3,3,3,3,3,3,3,3,3,3,3,3,3,3,3,3,3,3,3,3,3,3,3,3,3,3,3,3,3,3,3,1,1,3,3,3,3,3,1,3,1,3,1,3,3,1,3,3,3,3,3,3,3,3,3,3,3,1,1,3,1,3,1,3,3,3,3,1,1,3,3,3,1,1,1,3,3,1,3,1,
2,2,2,2,2,2,2,2,2,2,2,1,1,1,3,3,3,3,3,3,3,3,3,1,1,3,3,1,3,1,3,3,3,3,1,3,3,3,3,3,1,1,3,3,3,3,3,3,3,3,3,3,3,3,3,3,3,3,3,3,3,3,3,3,3,3,3,3,3,3,3,3,3,3,3,3,3,3,3,3,1,1,3,1,3,1,1,1,1,3,3,3,1,3,3,3,3,3,1,1,3,3,3,3,3,3,3,3,1,1,1,1,3,1,1,3,1,1,1,3,3,1,1,1,1,3,1,3,3,
1,2,2,2,2,2,2,2,2,2,2,1,3,3,1,3,1,1,1,1,3,3,1,3,1,3,1,3,3,3,3,1,1,3,3,3,1,1,1,3,1,3,3,3,3,3,3,3,3,3,3,3,3,3,3,3,3,3,3,3,3,3,3,3,3,3,3,3,3,3,3,3,3,3,3,3,3,3,1,3,3,3,3,1,3,3,3,3,3,3,3,3,1,1,3,3,1,1,1,3,3,3,1,3,1,3,3,1,3,3,3,3,3,1,3,3,1,1,1,1,3,3,1,1,3,3,3,1,3,
1,2,1,2,2,2,2,2,2,2,2,3,3,1,1,3,3,1,3,3,3,1,3,3,1,3,3,3,1,1,3,3,1,3,3,1,3,3,3,3,1,3,1,3,3,3,3,3,3,3,3,3,3,3,3,3,3,3,3,3,3,3,3,3,3,3,3,3,3,3,3,3,3,3,3,3,3,1,3,3,3,3,3,1,3,1,3,3,1,3,3,1,1,1,1,3,1,1,3,3,1,3,1,3,3,3,3,3,1,1,3,3,1,1,3,1,1,1,1,1,3,1,1,3,1,1,3,3,3,
2,2,1,1,2,1,3,1,2,1,1,3,3,3,3,1,3,3,3,3,1,3,3,3,1,3,3,3,1,3,1,3,3,1,3,1,1,1,3,1,1,3,3,3,3,3,3,3,3,3,3,3,3,3,3,3,3,3,3,3,3,3,3,3,3,3,3,3,3,3,3,3,3,3,3,3,3,1,3,3,3,3,3,3,1,1,3,3,1,1,1,3,1,3,3,3,3,3,1,3,3,3,1,3,3,3,3,3,1,3,3,3,1,1,1,3,3,3,1,3,3,3,1,3,3,3,3,1,3,
2,2,2,1,3,3,3,3,1,3,3,1,1,3,1,1,3,3,3,3,3,3,3,1,3,3,3,3,3,1,1,3,1,3,1,3,1,1,3,1,3,3,3,3,3,3,3,3,3,3,3,3,3,3,3,3,3,3,3,3,3,3,3,3,3,3,3,3,3,3,3,3,3,3,3,3,1,1,3,3,3,3,3,3,3,3,3,1,3,3,3,3,3,3,3,3,3,3,1,3,3,1,3,1,1,3,3,3,3,1,3,3,3,1,1,3,3,1,3,1,1,3,3,1,1,3,3,3,3,
3,1,2,1,3,3,1,3,3,3,1,1,3,1,3,3,3,3,3,1,3,3,1,3,3,3,3,3,3,3,3,1,1,3,3,3,1,3,3,3,3,3,3,3,3,3,3,3,3,3,3,3,3,3,3,3,3,3,3,3,3,3,3,3,3,3,3,3,3,3,3,3,3,3,3,3,3,3,1,3,3,3,1,3,3,1,1,3,3,3,1,1,3,1,1,1,1,1,1,3,1,3,3,1,1,3,3,1,3,3,3,3,3,3,3,3,3,3,3,1,1,1,1,3,3,3,1,1,3,
1,3,1,3,3,3,3,1,1,3,3,3,3,1,3,1,1,3,3,3,3,3,1,3,3,1,3,3,3,3,3,3,3,3,3,3,3,3,3,3,3,3,3,3,3,3,3,3,3,3,3,3,3,3,3,3,3,3,3,3,3,3,3,3,3,3,3,3,3,3,3,3,3,3,3,3,3,1,1,1,3,1,1,3,1,3,3,3,3,1,3,1,1,1,3,3,3,3,3,3,1,3,3,3,3,3,3,3,1,3,1,1,3,3,3,3,3,1,1,1,3,1,3,3,3,3,1,1,3,
1,3,3,3,3,3,3,1,1,1,3,3,1,1,3,3,1,1,1,1,1,3,1,3,1,3,1,1,3,3,3,1,3,3,3,3,1,3,3,3,3,3,3,3,3,3,3,3,3,3,3,3,3,3,3,3,3,3,3,3,3,3,3,3,3,3,3,3,3,3,3,3,3,3,3,3,3,3,3,3,3,3,1,3,1,3,3,1,1,3,3,3,3,3,3,3,3,1,1,3,3,3,3,1,3,3,3,3,1,3,3,3,3,3,1,3,1,3,3,3,3,3,3,1,3,3,3,3,1,
3,3,1,3,3,3,3,1,3,3,3,1,3,3,3,3,3,1,1,1,3,3,3,1,3,1,3,1,1,1,3,1,3,1,3,1,1,3,3,3,3,3,3,3,3,3,3,3,3,3,3,3,3,3,3,3,3,3,3,3,3,3,3,3,3,3,3,3,3,3,3,3,3,3,3,3,3,3,3,3,3,3,3,3,1,3,3,3,3,3,3,1,1,1,1,1,3,1,1,3,3,3,3,1,3,3,3,3,1,1,3,3,1,3,3,3,1,3,3,3,3,3,3,3,3,1,3,3,3,
3,3,3,1,1,1,1,3,1,3,3,1,3,1,3,3,3,3,1,3,1,3,1,1,1,3,1,1,3,3,1,3,3,3,3,3,3,3,3,3,3,3,3,3,3,3,3,3,3,3,3,3,3,3,3,3,3,3,3,3,3,3,3,3,3,3,3,3,3,3,3,3,3,3,3,3,3,3,3,3,3,3,1,3,1,3,1,3,1,1,3,3,3,3,3,3,3,1,3,3,3,1,3,1,3,3,3,3,3,1,1,3,3,3,1,1,1,1,3,3,3,1,3,3,1,1,3,3,3,
3,3,3,3,3,3,3,3,3,1,3,3,1,3,3,1,1,1,1,1,3,1,1,1,3,3,3,1,3,3,3,3,3,3,3,3,3,3,3,3,3,3,3,3,3,3,3,3,3,3,3,3,3,3,3,3,3,3,3,3,3,3,3,3,3,3,3,3,3,3,3,3,3,3,3,3,3,3,3,3,3,3,3,1,3,3,3,1,3,3,3,1,1,1,1,3,3,3,1,3,3,3,3,3,1,3,1,1,3,1,3,3,3,1,3,3,3,3,3,3,1,3,3,3,3,3,3,3,1,
1,3,3,3,3,1,1,3,3,1,3,3,3,3,3,1,3,3,3,3,3,3,3,3,1,3,3,3,1,3,3,3,3,3,3,3,3,3,3,3,3,3,3,3,3,3,3,3,3,3,3,3,3,3,3,3,3,3,3,3,3,3,3,3,3,3,3,3,3,3,3,3,3,3,3,3,3,3,3,3,3,3,1,3,1,3,1,1,3,3,3,1,1,1,1,3,1,1,3,3,1,1,1,3,1,3,3,1,3,1,1,3,1,3,1,1,3,3,3,3,3,1,1,3,3,3,3,1,1,
1,1,3,1,1,3,1,1,1,1,1,3,3,3,3,3,3,1,1,3,3,3,3,1,1,1,3,3,3,3,3,3,3,3,3,3,3,3,3,3,3,3,3,3,3,3,3,3,3,3,3,3,3,3,3,3,3,3,3,3,3,3,3,3,3,3,3,3,3,3,3,3,3,3,3,3,3,3,3,3,3,1,3,1,3,3,3,3,3,3,1,3,1,3,3,3,3,1,3,3,3,3,3,3,3,3,3,1,1,3,3,1,3,1,1,3,1,3,3,3,3,1,3,1,1,3,3,3,3,
3,3,3,3,3,1,3,3,3,3,1,1,3,1,1,3,3,1,1,3,3,3,3,1,1,3,1,3,1,3,3,3,3,3,3,3,3,3,3,3,3,3,3,3,3,3,3,3,3,3,3,3,3,3,3,3,3,3,3,3,3,3,3,3,3,3,3,3,3,3,3,3,3,3,3,3,3,3,1,1,1,1,3,3,3,3,3,3,3,3,1,1,1,1,1,3,1,3,3,3,3,3,3,1,3,1,1,3,3,1,3,3,3,1,1,3,3,3,3,3,3,3,3,3,3,3,3,3,3,
1,1,1,3,3,3,1,3,1,1,3,1,1,3,3,1,3,3,3,3,3,1,3,3,3,3,1,3,1,3,3,3,3,3,3,3,3,3,3,3,3,3,3,3,3,3,3,3,3,3,3,3,3,3,3,3,3,3,3,3,3,3,3,3,3,3,3,3,3,3,3,3,3,3,3,3,3,1,3,3,3,1,1,3,1,3,3,3,3,3,3,3,3,1,1,1,1,1,3,3,1,1,3,3,1,1,3,3,3,3,1,3,1,1,1,3,3,3,1,1,3,3,3,3,1,1,1,3,1,
1,1,3,1,3,3,1,1,3,3,1,3,3,1,1,3,3,3,1,1,3,3,3,1,3,1,3,3,3,3,3,3,3,3,3,3,3,3,3,3,3,3,3,3,3,3,3,3,3,3,3,3,3,3,3,3,3,3,3,3,3,3,3,3,3,3,3,3,3,3,3,3,3,3,3,3,1,3,3,1,3,1,3,3,1,1,3,3,3,1,1,1,3,1,3,3,3,1,3,3,1,3,3,3,3,3,3,3,3,1,1,3,1,3,3,3,1,3,3,3,3,3,3,1,1,3,1,3,1,
3,3,3,3,3,3,1,3,3,1,3,3,3,3,3,3,3,3,1,1,1,3,3,1,3,1,3,3,3,3,3,3,3,3,3,3,3,3,3,3,3,3,3,3,3,3,3,3,3,3,3,3,3,3,3,3,3,3,3,3,3,3,3,3,3,3,3,3,3,3,3,3,3,3,3,3,3,3,1,1,1,1,3,3,3,3,1,1,1,1,3,3,3,3,3,3,3,3,3,3,3,3,3,3,1,3,3,3,3,1,1,3,1,3,3,3,3,3,3,3,3,3,3,1,1,3,3,1,3,
3,3,3,3,3,3,3,1,3,1,3,3,3,3,1,3,3,3,3,3,3,1,3,3,3,3,3,3,3,3,3,3,3,3,3,3,3,3,3,3,3,3,3,3,3,3,3,3,3,3,3,3,3,3,3,3,3,3,3,3,3,3,3,3,3,3,3,3,3,3,3,3,3,3,3,3,1,1,1,3,3,3,3,1,3,1,3,3,3,1,3,3,3,3,3,1,1,3,3,1,3,1,1,1,3,3,1,3,3,1,3,1,3,3,1,3,3,3,1,3,1,3,1,3,3,1,1,1,1,
3,3,3,3,3,3,1,1,3,3,3,3,3,1,3,3,3,3,1,3,1,3,3,1,3,3,3,3,3,3,3,3,3,3,3,3,3,3,3,3,3,3,3,3,3,3,3,3,3,3,3,3,3,3,3,3,3,3,3,3,3,3,3,3,3,3,3,3,3,3,3,3,3,3,3,3,1,3,3,3,3,3,3,1,1,1,1,3,3,3,1,3,3,1,1,1,3,3,1,3,3,3,3,3,3,3,3,3,1,3,1,3,1,3,1,1,1,3,1,1,1,3,3,3,1,1,3,1,1,
3,3,3,3,1,3,3,3,3,3,3,3,3,3,1,3,3,1,3,3,1,3,3,3,3,3,3,3,3,3,3,3,3,3,3,3,3,3,3,3,3,3,3,3,3,3,3,3,3,3,3,3,3,3,3,3,3,3,3,3,3,3,3,3,3,3,3,3,3,3,3,3,3,3,3,3,1,3,3,1,1,3,3,3,1,3,3,3,3,3,1,1,1,1,3,3,3,1,3,3,3,1,3,3,3,3,3,3,3,1,1,1,1,3,3,1,1,1,1,3,3,3,3,3,1,1,3,1,1,
3,1,1,1,1,1,3,3,1,1,1,3,3,3,3,1,1,3,3,3,3,3,3,3,3,3,3,3,3,3,3,3,3,3,3,3,3,3,3,3,3,3,3,3,3,3,3,3,3,3,3,3,3,3,3,3,3,3,3,3,3,3,3,3,3,3,3,3,3,3,3,3,3,3,1,1,3,3,1,3,3,3,3,1,3,3,3,3,3,1,1,3,3,3,1,1,1,3,3,3,1,1,3,1,1,1,3,1,3,3,3,3,1,1,3,3,3,1,3,3,1,3,3,3,3,3,3,3,1,
3,3,1,1,1,3,1,1,3,3,3,1,3,1,1,3,3,1,3,3,3,3,3,3,3,3,3,3,3,3,3,3,3,3,3,3,3,3,3,3,3,3,3,3,3,3,3,3,3,3,3,3,3,3,3,3,3,3,3,3,3,3,3,3,3,3,3,3,3,3,3,3,3,1,3,3,3,1,3,3,3,3,1,1,3,3,3,3,3,3,1,3,3,1,3,1,1,3,3,3,3,1,3,3,1,3,1,3,1,1,1,3,3,3,1,1,1,3,1,1,1,1,1,3,3,3,3,3,1,
1,1,3,1,3,3,1,3,3,3,3,3,3,3,3,1,1,1,3,3,3,3,3,3,3,3,3,3,3,3,3,3,3,3,3,3,3,3,3,3,3,3,3,3,3,3,3,3,3,3,3,3,3,3,3,3,3,3,3,3,3,3,3,3,3,3,3,3,3,3,3,1,1,3,3,3,3,3,1,3,3,3,3,3,3,1,3,3,3,3,1,3,3,3,3,1,1,3,3,3,3,1,1,3,3,3,3,3,3,3,3,1,1,3,3,3,3,3,3,3,1,1,3,3,3,3,3,3,3,
3,1,3,1,1,3,3,3,1,3,3,3,3,3,3,1,1,3,1,3,3,3,3,3,3,3,3,3,3,3,3,3,3,3,3,3,3,3,3,3,3,3,3,3,3,3,3,3,3,3,3,3,3,3,3,3,3,3,3,3,3,3,3,3,3,3,3,3,3,3,3,1,3,3,3,3,3,1,3,3,3,3,3,1,1,1,1,3,3,3,3,3,1,1,1,1,1,3,3,3,1,3,1,3,3,1,1,1,1,3,3,3,3,3,3,3,3,3,3,1,3,3,3,3,1,1,1,1,1,
3,1,1,3,1,3,3,1,3,3,3,1,1,3,3,1,1,3,1,3,3,3,3,3,3,3,3,3,3,3,3,3,3,3,3,3,3,3,3,3,3,3,3,3,3,3,3,3,3,3,3,3,3,3,3,3,3,3,3,3,3,3,3,3,3,3,3,3,3,3,3,1,3,3,3,1,3,3,3,1,1,3,3,1,1,3,3,3,3,1,1,1,1,1,1,3,3,1,3,3,3,1,3,3,3,1,3,3,3,1,3,3,1,3,3,3,3,1,1,3,1,1,3,1,1,1,3,1,3,
1,3,3,1,3,3,1,3,3,3,1,1,1,3,3,3,1,3,1,3,3,3,3,3,3,3,3,3,3,3,3,3,3,3,3,3,3,3,3,3,3,3,3,3,3,3,3,3,3,3,3,3,3,3,3,3,3,3,3,3,3,3,3,3,3,3,3,3,3,3,3,1,3,1,3,1,3,1,1,1,1,3,1,1,3,1,3,3,3,3,1,1,3,3,1,3,3,1,3,1,1,3,3,1,3,3,3,1,3,3,1,1,3,1,3,1,3,3,3,1,3,3,1,1,1,1,1,1,3,
3,1,1,3,3,1,3,3,3,3,3,1,1,3,3,3,1,3,1,3,3,3,3,3,3,3,3,3,3,3,3,3,3,3,3,3,3,3,3,3,3,3,3,3,3,3,3,3,3,3,3,3,3,3,3,3,3,3,3,3,3,3,3,3,3,3,3,3,3,3,3,3,3,3,1,1,3,1,1,3,1,3,3,3,3,3,3,3,1,3,3,3,3,3,3,1,3,3,3,1,3,3,3,3,1,3,3,1,1,3,3,3,3,3,1,3,1,3,3,3,1,1,3,3,1,3,3,1,1,
3,3,3,3,1,1,3,3,3,1,3,3,3,3,3,1,1,3,1,3,3,3,3,3,3,3,3,3,3,3,3,3,3,3,3,3,3,3,3,3,3,3,3,3,3,3,3,3,3,3,3,3,3,3,3,3,3,3,3,3,3,3,3,3,3,3,3,3,3,3,1,1,1,1,1,1,3,3,1,3,1,3,3,1,1,1,1,3,1,3,1,3,3,3,3,3,1,1,3,1,3,3,3,1,3,1,3,3,1,3,3,1,1,3,1,1,1,3,3,3,3,3,3,3,3,3,3,3,3,
3,3,1,1,1,1,1,3,3,3,3,3,3,3,1,1,3,3,3,3,3,3,3,3,3,3,3,3,3,3,3,3,3,3,3,3,3,3,3,3,3,3,3,3,3,3,3,3,3,3,3,3,3,3,3,3,3,3,3,3,3,3,3,3,3,3,3,3,1,3,3,3,3,3,1,1,3,3,3,1,3,3,3,1,1,1,1,3,1,1,1,3,3,3,3,3,1,1,3,1,3,3,1,1,3,3,1,3,3,1,3,1,1,3,3,1,3,3,1,3,3,3,3,3,3,3,3,3,1,
1,1,1,1,1,3,3,3,3,1,3,3,3,3,3,1,3,3,1,3,3,3,3,3,3,3,3,3,3,3,3,3,3,3,3,3,3,3,3,3,3,3,3,3,3,3,3,3,3,3,3,3,3,3,3,3,3,3,3,3,3,3,3,3,3,3,3,3,1,3,3,3,3,3,1,1,3,3,3,3,3,3,3,3,3,3,3,3,3,1,3,3,3,1,1,1,3,1,1,3,1,1,3,1,1,3,1,3,3,3,3,3,3,1,3,1,3,1,3,3,3,3,3,1,3,3,1,3,1,
1,1,1,1,3,3,3,3,1,1,3,3,1,1,3,3,3,1,1,1,3,3,3,3,3,3,3,3,3,3,3,3,3,3,3,3,3,3,3,3,3,3,3,3,3,3,3,3,3,3,3,3,3,3,3,3,3,3,3,3,3,3,3,3,3,3,3,3,3,3,3,3,3,3,1,1,1,1,3,3,3,3,3,3,1,3,1,3,3,3,3,3,3,1,1,1,3,3,3,3,3,1,3,3,3,3,1,1,3,1,1,1,1,3,1,1,3,3,3,3,1,3,1,3,1,3,1,1,3,
3,1,3,1,3,3,3,3,3,1,1,1,3,3,1,3,1,3,3,1,3,3,3,3,3,3,3,3,3,3,3,3,3,3,3,3,3,3,3,3,3,3,3,3,3,3,3,3,3,3,3,3,3,3,3,3,3,3,3,3,3,3,3,3,3,3,3,3,3,1,3,3,3,1,1,1,3,1,1,1,3,1,3,3,3,1,3,3,3,3,3,3,3,3,3,1,3,3,3,3,3,3,3,3,3,3,1,1,3,3,3,3,3,1,3,1,3,1,3,1,3,1,1,3,3,3,3,3,1,
3,1,1,1,3,3,3,3,3,1,3,3,3,3,3,3,3,3,1,1,3,3,3,3,3,3,3,3,3,3,3,3,3,3,3,3,3,3,3,3,3,3,3,3,3,3,3,3,3,1,1,1,3,3,3,3,3,3,3,3,3,3,3,1,1,3,3,3,1,1,3,3,3,1,3,1,1,1,1,3,3,3,1,3,1,1,1,3,1,1,1,3,3,3,1,3,3,3,3,1,1,3,1,1,3,3,1,1,1,1,1,3,1,3,1,3,3,3,3,3,1,3,3,3,3,3,3,1,3,
3,3,3,3,1,1,3,3,3,3,3,3,3,3,3,3,3,3,3,3,3,3,3,3,3,3,3,3,3,3,3,3,3,3,3,3,3,3,3,3,3,3,3,3,3,3,3,3,3,1,3,3,1,3,3,3,3,3,3,3,1,3,3,1,3,3,3,3,3,3,3,1,1,1,3,3,1,1,3,3,3,3,1,1,3,3,1,1,3,3,3,3,3,3,1,1,3,3,3,3,3,3,3,1,3,3,1,3,3,1,3,3,3,1,3,3,3,1,3,3,3,1,1,3,1,3,3,1,1,
3,3,1,1,3,1,3,3,3,3,1,3,3,1,3,3,1,3,1,1,3,3,1,1,1,1,3,3,3,3,3,3,3,3,3,3,3,3,3,3,3,3,3,3,3,3,3,3,1,3,3,3,1,1,3,3,3,3,3,1,1,3,3,3,3,3,1,3,3,3,3,1,1,1,1,3,3,3,3,3,3,3,1,1,3,3,1,1,3,3,1,3,3,3,3,3,3,3,3,3,1,3,3,1,1,1,1,1,3,3,1,3,3,3,3,1,3,3,3,3,3,3,3,3,1,3,1,1,3,
3,3,1,1,3,1,1,3,3,1,1,3,3,1,3,1,1,1,3,3,3,3,1,1,1,3,3,3,1,1,1,3,3,1,1,3,3,3,3,3,3,3,3,3,1,3,3,1,1,1,3,3,1,1,3,3,3,3,1,1,3,3,3,3,3,1,1,1,1,3,3,3,3,3,3,3,3,3,1,3,3,1,3,3,3,3,1,1,3,1,3,3,3,3,3,1,3,3,3,3,3,1,3,3,1,3,3,3,3,1,3,3,3,3,1,1,1,3,3,3,3,3,3,3,3,1,3,3,3,
3,3,1,3,3,3,1,3,3,3,1,3,3,3,1,1,3,3,3,1,3,1,1,3,3,3,1,1,1,3,3,1,3,3,3,3,3,3,3,3,3,3,3,3,1,3,1,3,3,3,1,3,3,1,3,1,1,1,1,1,3,3,3,1,3,3,3,3,3,1,1,1,1,1,3,3,3,3,3,1,1,3,1,1,1,3,3,1,1,1,3,1,1,3,3,3,3,3,3,1,1,3,3,1,3,3,3,3,1,3,3,3,3,1,1,3,3,3,3,3,3,3,3,3,3,3,3,1,3,
3,3,1,3,3,1,1,3,1,3,3,3,1,3,3,1,3,3,3,1,3,3,3,3,3,3,3,1,3,1,3,3,3,1,1,3,1,1,3,1,3,3,3,3,3,1,1,3,3,3,3,3,3,1,1,1,1,3,3,3,3,3,3,1,1,1,1,1,3,3,1,1,3,1,1,1,3,1,3,3,3,3,1,3,3,3,3,1,3,3,1,1,3,3,3,1,1,1,3,1,3,3,3,3,3,1,1,1,3,3,3,3,3,3,3,3,3,3,3,3,3,3,3,3,3,3,3,3,1,
3,3,3,3,1,1,1,1,3,3,3,3,3,3,1,3,3,3,3,3,1,1,3,1,1,1,1,1,3,1,1,1,3,3,3,3,1,1,3,3,3,3,3,3,1,1,3,3,1,3,3,3,3,3,3,3,3,3,1,3,1,1,1,3,3,1,1,3,3,3,3,3,3,1,3,1,3,1,1,1,3,3,1,3,3,3,3,3,1,3,3,3,3,1,3,3,1,1,3,3,3,1,3,3,3,1,3,3,3,3,3,3,3,3,3,3,3,3,3,3,3,3,3,3,3,3,3,3,3,
3,1,3,3,3,3,3,3,3,1,3,1,1,3,1,3,1,1,1,3,3,3,1,1,3,3,3,3,1,3,3,3,1,3,3,3,3,3,3,3,3,3,1,3,1,3,3,3,1,1,1,1,1,1,3,3,1,1,1,1,1,1,3,1,3,3,3,3,3,3,1,1,3,1,3,1,3,3,3,3,3,3,1,3,3,1,3,3,3,3,3,3,3,1,3,1,3,1,3,3,1,3,3,3,3,1,1,3,3,3,3,3,3,3,3,3,3,3,3,3,3,3,3,3,3,3,1,3,3,
3,1,1,3,3,3,3,3,1,3,3,3,3,1,3,3,3,3,3,3,3,3,3,3,1,3,3,3,3,1,3,1,3,1,1,1,3,3,3,3,1,3,3,3,1,1,1,3,3,3,1,3,3,3,3,3,3,3,3,3,1,3,3,1,3,3,1,3,3,3,1,1,3,1,1,3,1,3,1,3,1,3,3,1,1,3,1,3,3,3,1,3,3,1,3,1,1,1,3,1,3,3,3,3,3,1,3,3,3,3,3,3,3,3,3,3,3,3,3,3,3,3,3,3,3,3,3,3,3,
1,1,1,3,1,1,3,1,3,3,1,1,1,1,1,3,3,3,3,1,3,1,1,3,3,3,3,3,1,3,1,3,1,1,3,3,3,3,3,1,1,3,3,3,3,3,3,3,3,3,1,1,3,1,1,3,3,3,3,1,1,1,1,1,3,3,3,3,1,3,1,1,3,3,3,1,1,3,1,3,3,3,3,3,3,1,3,3,3,1,3,1,3,1,1,3,3,3,3,3,3,3,3,3,3,1,1,3,3,3,3,3,3,3,3,3,3,3,3,3,3,3,3,3,3,3,3,3,3,
3,3,1,1,1,1,1,3,3,1,3,3,3,3,3,1,1,1,1,1,1,3,3,1,3,3,3,3,1,3,1,1,3,3,3,3,3,3,1,1,3,1,3,3,1,3,3,3,3,3,3,1,1,1,1,1,3,3,3,3,1,3,3,1,1,1,3,3,3,1,3,1,3,3,1,3,3,3,3,3,3,1,1,3,3,3,1,1,3,3,3,3,1,1,3,3,1,3,1,3,1,3,3,3,1,1,3,3,3,3,3,3,3,3,3,3,3,3,3,3,3,3,3,3,3,3,3,3,3,
1,3,1,3,3,1,1,1,1,3,3,3,3,1,3,3,3,3,1,1,1,1,3,1,1,3,1,1,3,3,1,3,3,1,3,1,3,3,3,3,3,3,3,3,1,1,1,3,3,3,1,1,1,1,1,3,1,3,1,3,3,3,3,1,3,1,3,3,1,1,3,3,3,1,1,1,3,3,3,3,3,3,1,3,3,1,3,3,1,3,3,3,3,1,3,3,3,3,3,3,3,3,1,3,1,1,3,3,3,3,3,3,3,3,3,3,3,3,3,3,3,3,3,3,3,3,3,3,3,
3,3,3,3,3,1,3,3,3,1,3,3,3,3,3,3,3,3,3,1,3,3,1,3,1,3,1,3,1,1,3,3,3,3,3,3,3,3,1,3,3,3,1,3,3,1,3,3,3,1,1,3,3,3,1,1,1,3,1,1,1,3,3,1,3,1,1,3,1,1,3,3,1,1,1,1,3,3,3,3,3,3,1,1,3,1,3,3,1,1,1,3,1,1,3,3,3,1,1,3,1,3,1,3,1,1,3,3,3,3,3,3,3,3,3,3,3,3,3,3,3,3,3,3,3,3,3,3,3,
3,3,3,1,3,1,1,3,1,1,1,1,3,1,1,3,3,1,1,1,3,3,1,3,3,3,3,1,3,3,3,3,3,1,1,3,3,3,1,1,3,3,3,3,3,3,3,3,3,1,3,3,3,1,3,3,3,3,1,3,3,3,3,1,3,1,3,3,3,3,3,3,1,1,1,1,3,3,1,3,3,3,1,1,3,3,3,3,1,3,3,3,3,3,1,3,3,1,3,1,1,3,1,3,3,3,3,3,3,3,3,3,3,3,3,3,3,3,3,3,3,3,3,3,3,3,3,3,3,
3,3,3,1,3,3,1,3,3,1,3,1,1,3,3,3,3,1,1,3,3,3,3,1,1,3,3,3,1,3,3,3,3,3,1,1,3,3,3,3,3,3,3,1,1,1,3,1,3,3,3,3,3,3,3,3,3,3,1,1,1,3,3,1,3,3,1,1,3,3,1,3,1,1,3,1,3,3,3,1,3,1,3,3,3,3,1,3,1,3,1,3,3,1,1,3,1,3,1,3,1,3,1,1,3,3,3,3,3,3,3,3,3,3,3,3,3,3,3,3,3,3,3,3,3,3,3,3,3,
3,3,1,3,3,3,3,1,3,3,1,3,3,3,3,3,3,1,3,3,3,3,3,3,3,3,3,3,3,3,1,1,1,3,3,3,1,1,3,3,3,3,3,1,3,3,3,3,3,1,3,3,3,1,3,3,1,1,1,3,3,3,3,3,1,1,3,1,1,1,3,3,1,3,1,3,3,3,3,3,1,1,3,3,3,1,1,1,3,3,1,1,3,1,1,3,1,3,3,1,1,3,1,3,3,1,1,3,3,3,3,3,3,3,3,3,3,3,3,3,3,3,3,3,3,3,3,3,3,
3,3,3,1,3,1,3,1,3,3,3,3,3,3,3,3,1,1,3,3,1,1,1,3,3,3,3,1,3,1,3,1,1,3,1,1,3,1,3,3,1,3,1,3,1,1,1,1,3,3,1,3,1,3,3,3,3,1,1,3,3,1,3,3,3,3,3,3,1,1,3,1,1,3,3,3,3,3,3,1,3,1,1,3,1,1,1,3,3,1,1,3,3,1,3,3,1,1,3,1,3,3,3,3,3,3,1,3,3,3,3,3,3,3,3,3,3,3,3,3,3,3,3,3,3,3,3,3,3,
3,3,3,1,3,3,3,1,1,3,3,3,3,3,3,3,1,3,3,3,3,3,1,3,1,1,1,3,3,1,1,1,1,3,3,1,1,1,3,3,3,3,1,1,1,1,3,1,1,1,3,3,1,1,3,1,3,3,1,3,3,3,3,1,1,1,1,3,3,3,3,3,3,1,1,3,1,3,1,1,3,3,3,3,3,3,1,3,3,3,1,1,1,1,3,3,3,1,3,3,1,1,3,3,1,3,3,3,3,3,3,3,3,3,3,3,3,3,3,3,3,3,3,3,3,3,3,3,3,
3,3,3,1,1,3,3,3,3,1,1,3,3,3,3,3,3,1,3,3,3,1,3,1,3,3,3,1,1,3,3,3,3,3,1,3,1,1,1,3,1,3,1,3,3,3,1,3,1,3,3,3,3,3,3,1,3,3,1,3,3,1,3,3,3,1,1,1,3,3,3,3,3,3,3,3,3,3,1,1,1,1,1,3,3,3,1,3,3,3,1,1,1,1,1,1,1,3,3,1,3,3,3,3,3,3,3,3,3,3,3,3,3,3,3,3,3,3,3,3,3,3,3,3,3,3,3,3,3,
3,3,3,3,1,3,3,3,3,1,3,1,1,1,3,1,3,3,3,1,3,1,1,3,1,1,1,1,1,3,1,3,3,3,1,3,3,1,3,1,3,1,3,1,1,3,3,1,1,1,3,1,1,3,1,1,3,3,1,1,1,3,3,3,1,1,1,3,1,1,1,3,1,3,1,3,3,3,1,1,3,3,1,3,1,3,3,1,3,3,3,1,3,3,3,1,1,3,1,1,3,3,3,1,3,3,3,3,3,3,3,3,3,3,3,3,3,3,3,3,3,3,3,3,3,3,3,3,3,
3,3,1,1,1,3,3,3,3,3,3,1,3,3,3,3,3,3,3,1,3,1,3,1,1,3,3,1,3,3,3,3,3,3,3,1,3,3,3,1,3,1,1,3,3,3,1,1,3,3,1,1,3,3,1,3,3,1,3,1,3,3,3,3,3,1,1,3,3,3,3,3,1,1,1,1,3,1,3,3,3,3,1,3,1,3,3,1,3,3,1,1,3,3,1,3,1,3,3,3,3,3,1,3,3,3,3,3,3,3,3,3,3,3,3,3,3,3,3,3,3,3,3,3,3,3,3,3,3,
3,3,3,3,3,3,1,3,3,3,3,1,3,3,3,3,3,3,1,1,1,3,3,3,1,3,1,3,3,1,1,1,1,3,3,3,3,1,3,3,3,3,3,3,1,3,3,3,1,1,3,1,1,3,1,1,3,3,3,3,3,3,1,3,3,3,1,3,1,3,3,1,3,3,3,3,3,3,1,1,3,3,3,3,3,3,1,1,3,1,3,1,1,3,1,3,3,1,3,1,3,3,1,1,3,3,3,3,3,3,3,3,3,3,3,3,3,3,3,3,3,3,3,3,3,3,3,3,3,
3,3,3,1,3,3,1,1,3,1,3,3,3,3,1,1,3,3,1,1,3,3,1,1,1,3,3,3,3,1,3,3,3,1,3,1,3,3,3,3,3,3,3,1,3,3,3,3,1,1,1,1,1,3,1,1,3,3,1,1,3,3,1,3,3,1,3,1,1,1,1,1,3,3,3,3,3,3,1,1,3,3,3,1,3,1,1,3,3,1,1,1,3,3,1,1,3,1,1,3,1,3,3,1,3,3,3,3,3,3,3,3,3,3,3,3,3,3,3,3,3,3,3,3,3,3,3,3,3,
3,3,1,3,3,3,1,3,3,1,1,3,3,3,1,3,3,3,1,1,3,3,3,3,1,3,3,1,3,3,3,1,1,1,3,3,3,1,1,1,1,3,3,3,3,3,1,1,3,3,3,3,3,3,3,3,3,3,3,1,1,1,1,3,3,1,3,3,3,3,3,3,3,3,3,1,3,3,3,3,3,3,3,3,3,1,1,3,3,3,1,1,1,3,3,1,3,3,1,3,1,3,3,3,3,3,3,3,3,3,3,3,3,3,3,3,3,3,3,3,3,3,3,3,3,3,3,3,3,
3,3,1,3,1,3,1,3,1,3,1,3,3,1,3,3,3,1,1,1,1,3,3,1,1,1,3,3,1,3,3,1,3,3,3,3,3,3,3,3,3,3,3,3,3,1,1,3,3,3,3,3,3,1,1,1,1,3,3,1,3,3,3,3,1,1,3,1,3,3,1,1,1,1,3,3,3,1,3,1,1,1,1,1,1,3,3,3,3,3,3,3,1,1,3,1,3,3,1,3,1,3,1,3,3,3,3,3,3,3,3,3,3,3,3,3,3,3,3,3,3,3,3,3,3,3,3,3,3,
3,3,1,3,1,1,3,3,3,1,3,3,1,1,3,1,1,1,3,3,3,3,3,1,3,1,3,3,3,1,3,3,1,1,3,3,1,1,1,1,1,1,1,3,3,3,3,3,1,3,3,1,3,1,1,3,3,3,3,3,1,3,1,3,3,1,1,3,1,1,3,3,3,1,3,3,3,1,3,3,3,1,1,3,1,3,3,3,1,1,3,1,1,3,3,3,3,3,1,1,3,3,3,1,3,3,3,3,3,3,3,3,3,3,3,3,3,3,3,3,3,3,3,3,3,3,3,3,3,
3,3,1,3,3,3,3,3,1,3,1,1,3,3,1,3,3,3,1,3,1,3,3,1,3,3,1,1,3,3,1,3,1,3,1,1,3,3,3,3,3,3,3,3,1,3,3,3,1,3,1,3,1,3,3,3,1,3,1,3,3,3,1,3,3,3,3,1,3,3,1,1,1,1,1,1,3,3,1,3,1,3,3,3,3,1,1,1,3,3,3,3,3,3,3,3,3,3,3,3,1,3,1,3,3,3,3,3,3,3,3,3,3,3,3,3,3,3,3,3,3,3,3,3,3,3,3,3,3,
3,1,3,1,3,3,1,3,3,3,1,1,1,3,1,3,1,3,3,1,1,3,1,1,1,1,3,3,1,1,1,3,3,1,3,3,3,1,1,3,3,3,1,3,3,3,3,1,1,3,3,3,3,3,1,3,3,1,1,3,3,3,3,3,3,3,3,3,1,3,1,1,3,3,1,1,3,3,3,3,3,1,3,3,3,3,1,1,1,1,1,3,3,3,1,1,1,3,3,3,1,3,3,1,3,3,3,3,3,3,3,3,3,3,3,3,3,3,3,3,3,3,3,3,3,3,3,3,3,
1,3,1,3,1,3,1,3,3,1,3,3,3,1,3,3,3,3,3,1,1,1,1,3,1,1,3,1,1,3,3,3,1,3,3,1,3,3,3,1,3,1,1,3,3,1,1,3,3,3,3,3,3,1,3,3,3,3,3,3,3,3,3,3,3,3,1,1,1,3,3,1,1,3,3,3,3,3,3,1,3,3,1,3,3,3,1,1,3,3,3,3,1,1,1,3,3,3,1,3,3,1,1,1,3,3,3,3,3,3,3,3,3,3,3,3,3,3,3,3,3,3,3,3,3,3,3,3,3,
3,1,3,3,1,1,3,1,1,1,3,3,3,3,1,3,1,3,3,1,1,1,1,1,1,1,3,1,3,3,3,3,3,3,1,1,3,3,3,1,3,3,3,3,3,3,3,1,3,3,1,3,3,3,3,3,3,3,3,3,3,3,3,3,3,3,1,1,1,3,3,3,3,3,3,1,3,3,1,1,3,1,3,3,1,1,1,3,3,3,3,1,3,1,1,1,3,1,1,3,1,3,3,1,1,1,3,3,3,3,3,3,3,3,3,3,3,3,3,3,3,3,3,3,3,3,3,3,3,
1,3,3,1,3,3,3,3,3,1,1,1,3,3,1,1,3,1,3,3,3,1,3,1,1,3,3,3,3,3,1,1,1,1,3,3,3,3,3,1,3,3,1,1,3,1,1,3,3,3,3,3,3,3,1,3,3,3,3,3,3,3,3,3,3,3,3,3,1,1,1,3,1,3,3,3,3,3,3,3,3,1,1,3,3,3,3,3,3,3,1,3,3,3,1,1,1,3,3,3,3,3,1,3,3,1,1,3,3,3,3,3,3,3,3,3,3,3,3,3,3,3,3,3,3,3,3,3,3,
3,3,3,1,1,3,1,3,1,1,1,3,3,1,3,1,1,1,1,3,1,1,3,3,1,3,3,1,3,3,1,1,3,3,1,3,1,1,3,1,1,3,1,3,3,3,3,1,3,1,3,1,1,1,3,1,3,3,3,3,3,3,3,3,3,3,3,3,3,3,1,3,1,3,3,3,1,3,1,3,3,1,3,3,1,1,1,1,1,3,3,1,3,3,3,1,1,1,3,3,3,1,3,3,1,1,1,3,3,3,3,3,3,3,3,3,3,3,3,3,1,3,3,3,3,3,3,3,3,
1,1,3,1,1,1,1,3,3,1,3,3,1,3,1,1,3,3,1,3,1,3,3,3,3,3,3,3,1,3,1,3,3,1,3,3,3,1,1,3,1,1,3,3,1,1,1,3,3,1,1,3,3,1,3,3,3,3,3,3,3,3,3,3,3,3,3,3,1,3,1,3,1,3,3,3,3,1,1,3,1,3,1,1,3,3,3,3,1,1,1,3,1,1,3,1,1,3,3,3,3,3,3,3,3,1,3,3,1,3,3,3,3,3,3,3,3,3,1,1,1,1,3,3,3,3,3,3,3,
1,3,3,3,3,3,3,3,1,1,1,3,1,3,1,3,3,3,1,1,3,3,1,3,3,1,1,1,3,1,3,1,1,3,1,1,3,1,1,3,3,1,3,1,3,1,1,3,3,3,3,3,3,3,1,1,3,3,3,3,3,3,3,3,3,3,3,3,3,3,1,3,3,1,1,3,3,3,3,3,1,1,1,1,1,3,3,3,1,1,1,3,1,3,3,3,3,3,3,3,3,3,3,3,3,3,3,3,3,1,1,3,3,3,3,3,1,1,3,3,1,3,3,3,3,3,3,3,3,
3,3,3,1,1,1,1,3,3,3,1,3,1,3,3,3,3,1,3,3,3,3,1,3,3,3,1,3,3,1,3,1,3,1,3,3,3,3,3,3,3,3,1,3,3,1,1,3,3,1,1,1,3,3,3,3,3,3,3,3,3,3,3,3,3,3,3,3,3,3,1,3,3,1,1,1,1,1,1,1,1,1,1,3,3,3,3,1,3,1,1,3,3,3,1,1,1,3,3,3,3,1,3,3,3,3,3,3,3,3,1,3,3,3,3,3,3,3,3,1,3,3,3,3,3,3,3,3,3,
3,3,1,3,1,1,3,3,3,3,3,1,3,3,3,3,1,1,3,1,1,3,3,3,1,1,3,3,1,3,1,3,3,3,3,3,3,3,3,3,3,3,3,1,3,3,1,1,3,1,1,1,3,1,3,3,3,3,3,3,3,3,3,3,3,3,3,3,1,3,1,1,1,1,3,1,3,1,1,1,1,3,3,3,3,1,3,3,3,3,3,1,3,3,3,1,1,3,3,3,3,1,3,3,3,1,1,3,3,3,3,3,1,3,3,3,3,3,3,3,1,3,3,3,3,3,3,3,3,
1,1,3,3,1,3,3,1,1,3,3,3,3,3,3,3,1,1,1,1,3,1,1,3,1,3,1,3,3,3,3,1,3,3,3,3,3,3,3,3,3,3,3,1,1,1,1,1,3,3,3,3,3,1,1,3,3,3,3,3,3,3,3,3,3,3,3,3,3,3,1,3,1,1,1,1,3,3,3,1,1,3,1,1,3,1,3,3,3,3,3,1,3,3,3,3,1,3,1,1,1,1,1,1,3,1,3,1,1,1,3,1,3,3,1,1,3,3,3,3,3,3,3,3,3,3,3,3,3,
3,1,1,1,1,3,3,1,1,1,1,3,3,1,1,3,1,3,3,3,3,1,3,1,1,3,1,3,1,3,1,3,3,3,3,3,3,3,3,3,3,3,3,3,3,3,3,3,3,3,3,3,3,3,3,3,3,3,3,3,3,3,3,3,3,3,3,3,3,3,1,3,3,3,1,1,1,1,1,1,3,1,3,1,3,1,3,1,3,1,3,3,1,3,3,1,3,3,1,3,1,1,3,3,1,3,1,3,3,1,1,1,3,1,3,1,3,1,3,3,3,3,3,3,3,3,3,3,3,
3,3,3,3,1,1,3,3,3,1,1,1,1,1,3,1,3,1,3,3,3,1,1,3,3,3,3,3,3,1,3,3,3,3,3,3,3,3,3,3,3,3,3,3,3,3,3,3,3,3,3,3,3,3,3,3,3,3,3,3,3,3,3,3,3,3,3,3,1,3,3,1,3,3,3,1,3,3,1,1,3,3,1,1,1,3,3,1,3,3,3,1,1,3,3,1,3,3,3,3,3,3,3,3,1,3,3,3,3,3,3,3,3,1,3,3,1,1,3,3,3,3,3,3,3,3,3,3,3,
3,3,3,3,3,1,3,3,3,1,1,3,3,1,3,1,1,1,1,1,1,3,3,1,1,1,3,3,3,3,3,3,3,3,3,3,3,3,3,3,3,3,3,3,3,3,3,3,3,3,3,3,3,3,3,3,3,3,3,3,3,3,3,3,3,3,3,3,1,1,3,1,3,3,3,3,3,3,1,1,3,3,3,3,1,3,3,3,1,1,3,3,3,3,3,3,3,3,3,1,3,3,3,1,1,1,1,3,3,1,1,3,3,3,3,1,3,3,1,3,3,3,3,3,3,3,3,3,3,
3,1,1,3,3,1,1,1,3,3,3,1,3,3,1,1,1,3,3,3,1,3,3,1,3,1,3,3,3,3,3,3,3,3,3,3,3,3,3,3,3,3,3,3,3,3,3,3,3,3,3,3,3,3,3,3,3,3,3,3,3,3,3,3,3,3,3,3,3,1,3,1,3,3,1,1,3,3,3,3,1,1,3,3,3,3,3,3,3,1,3,3,3,1,3,3,1,1,1,3,3,3,3,1,3,3,1,1,1,3,3,1,3,3,1,3,3,3,3,3,3,3,1,3,3,3,3,3,3,
1,1,3,3,3,3,1,3,1,1,3,1,1,1,3,1,1,1,3,3,3,3,3,1,3,3,3,3,3,3,3,3,3,3,3,3,3,3,3,3,3,3,3,3,3,3,3,3,3,3,3,3,3,3,3,3,3,3,3,3,3,3,3,3,3,3,3,3,3,1,3,1,3,3,1,1,3,3,3,3,1,1,1,3,3,3,3,1,1,1,3,3,3,3,1,3,1,1,1,1,3,3,3,3,3,1,1,1,3,3,3,3,1,1,1,3,3,1,3,1,3,3,1,3,1,3,3,3,1,
1,1,1,3,1,1,3,3,1,1,1,3,1,1,1,1,3,3,3,1,3,1,1,1,1,3,3,3,3,3,3,3,3,3,3,3,3,3,3,3,3,3,3,3,3,3,3,3,3,3,3,3,3,3,3,3,3,3,3,3,3,3,3,3,3,3,3,3,1,3,3,3,3,3,3,1,3,3,1,3,3,3,1,3,3,3,3,1,3,1,3,3,1,1,1,3,1,1,1,3,3,3,1,3,3,1,1,3,3,3,1,3,3,1,1,1,3,3,3,3,3,1,1,3,3,3,1,1,1,
1,1,1,3,3,3,3,3,1,1,3,1,1,1,1,1,3,1,1,1,1,3,1,1,3,3,3,3,3,3,3,3,3,3,3,3,3,3,3,3,3,3,3,3,3,3,3,3,3,3,3,3,3,3,3,3,3,3,3,3,3,3,3,3,3,3,3,3,1,3,3,1,3,3,3,1,3,1,3,3,3,3,3,3,3,1,1,1,1,1,1,1,3,1,3,3,3,3,3,3,1,1,3,1,3,3,3,3,3,3,3,3,3,3,3,3,1,3,1,3,1,1,3,3,3,3,1,1,1,
3,1,1,1,3,3,1,3,1,1,3,1,3,1,1,1,1,1,1,3,3,1,3,1,1,3,3,3,3,3,3,3,3,3,3,3,3,3,3,3,1,1,1,3,3,3,3,3,3,3,3,3,3,3,3,3,3,3,3,3,3,3,3,3,3,3,3,3,1,3,1,1,3,3,1,3,3,3,3,1,3,1,3,3,1,3,1,1,1,3,3,3,3,1,1,3,3,1,3,3,3,3,3,3,3,3,3,1,1,3,3,1,3,1,1,3,3,1,3,3,1,3,1,1,3,3,1,3,1,
1,3,3,3,3,3,3,1,1,1,1,3,1,1,1,1,3,3,3,1,1,1,1,3,3,3,3,3,3,3,3,3,3,3,3,3,3,3,1,1,1,1,1,1,3,3,1,3,1,3,3,3,3,3,3,3,3,3,3,3,3,3,3,3,3,3,3,3,1,3,1,3,3,3,3,3,3,1,3,3,3,3,3,3,3,1,1,3,3,3,3,3,1,1,1,3,1,3,3,3,1,1,3,3,3,3,3,3,3,3,3,3,3,3,1,3,3,1,3,3,3,3,3,1,3,1,1,1,3,
3,3,3,1,1,1,3,1,3,3,1,1,1,1,1,3,1,3,3,3,3,1,3,3,3,3,3,3,3,3,3,3,3,3,3,3,3,3,1,1,3,3,3,1,1,3,3,3,1,3,3,3,3,3,3,3,3,3,1,3,3,3,3,3,3,3,1,1,1,3,1,3,3,3,3,3,1,1,1,3,3,1,3,3,3,3,3,3,1,1,1,3,1,3,1,3,3,3,3,3,3,3,3,1,1,1,1,3,1,3,3,1,3,3,3,3,3,1,3,1,3,1,3,3,3,3,3,3,1,
1,3,3,3,3,3,1,3,3,3,3,3,3,3,3,3,3,1,1,3,1,3,3,3,3,3,3,3,3,3,3,3,3,3,3,3,3,3,3,3,1,1,3,3,1,3,3,3,3,1,3,1,1,3,3,3,3,3,1,3,1,3,3,3,3,3,3,3,3,3,1,1,1,1,3,1,1,3,1,3,3,3,3,3,3,3,3,1,3,3,3,1,1,3,3,3,3,3,3,3,3,3,3,3,3,1,3,1,3,3,3,1,1,3,1,3,3,3,1,3,3,3,3,1,1,1,1,1,1,
3,1,3,1,1,1,3,3,3,1,3,3,1,1,1,1,3,3,3,1,3,3,3,3,3,3,3,3,3,3,3,3,3,3,3,3,1,1,1,1,3,1,3,3,3,3,1,1,3,3,3,1,3,3,3,3,3,3,1,3,3,3,3,3,3,3,3,1,3,3,1,3,3,3,3,3,3,1,3,1,3,3,3,3,3,3,3,3,3,3,3,1,3,3,1,3,3,3,1,1,1,3,3,1,3,3,3,3,1,3,3,1,1,3,3,1,1,3,3,1,1,1,1,1,3,3,1,1,1,
3,1,1,1,3,3,3,3,1,3,3,3,3,3,3,3,3,3,3,3,3,3,3,3,3,3,3,3,3,3,3,3,3,3,3,3,1,1,3,1,1,3,3,3,3,3,3,1,1,3,1,3,1,1,3,3,3,1,1,1,1,1,1,1,1,3,1,1,1,1,3,3,3,1,1,1,1,3,1,1,1,1,3,1,3,3,3,3,1,3,3,3,3,3,3,3,3,1,3,1,3,3,3,3,1,3,3,1,3,1,3,1,3,3,3,1,3,3,3,3,1,3,1,1,3,3,1,1,1,
1,1,3,3,3,1,1,1,3,1,1,1,1,3,3,3,3,3,1,3,3,1,3,3,3,3,3,3,3,3,3,3,3,3,3,3,3,3,1,3,1,1,1,1,3,3,3,3,3,3,1,3,3,3,3,3,1,3,1,1,3,3,3,3,1,1,1,3,3,1,1,1,1,3,3,3,3,3,1,1,3,3,1,3,3,3,3,3,1,1,3,3,3,3,3,3,1,1,3,1,1,1,3,3,3,1,3,3,3,3,3,3,3,1,1,3,1,3,3,1,3,3,1,3,3,3,3,3,1,
3,3,1,3,1,1,1,3,3,3,3,3,1,1,1,3,1,1,3,3,3,3,3,3,3,3,3,3,3,3,3,3,3,3,3,3,3,3,1,3,3,1,1,1,1,1,1,1,3,3,3,1,1,1,1,3,3,3,3,3,3,1,3,3,3,3,3,1,3,3,1,1,1,3,1,1,3,3,1,3,3,1,1,3,3,1,1,1,1,3,3,3,3,1,1,3,3,3,3,3,1,1,1,1,1,3,1,1,1,3,3,3,1,3,3,3,3,1,3,3,3,3,1,3,3,3,1,1,1,
3,1,1,1,3,3,3,3,3,3,3,3,3,3,3,3,1,3,1,1,3,3,3,3,3,3,3,3,3,3,3,3,3,3,3,3,3,3,3,3,3,3,3,1,3,3,3,3,3,3,1,3,3,3,3,3,1,1,1,3,3,3,3,3,3,1,1,3,3,3,3,3,3,1,3,3,3,3,3,1,3,3,3,3,3,3,3,3,3,1,3,3,3,3,3,1,3,3,3,3,3,3,3,1,3,3,3,3,3,1,3,3,3,3,3,1,3,3,1,1,3,3,3,3,3,3,3,3,3,
3,1,3,3,1,1,1,3,3,3,3,3,3,1,1,3,3,3,3,1,1,3,3,3,3,3,3,3,3,3,3,3,3,3,3,3,3,3,1,3,1,3,1,3,3,3,1,3,1,1,1,3,3,3,3,3,1,1,3,3,3,1,1,1,1,3,3,1,3,3,1,1,1,3,3,3,3,3,3,1,3,1,3,3,3,1,3,3,3,3,1,3,3,3,1,1,1,1,3,3,3,3,3,1,3,1,1,3,3,1,1,1,3,3,3,3,1,1,3,3,3,3,3,1,3,3,3,3,3,
3,3,3,3,3,3,1,3,3,3,3,3,1,1,1,3,1,3,3,3,1,3,3,3,3,3,3,3,3,3,3,3,3,3,3,3,3,3,1,3,1,3,3,3,3,3,3,3,3,3,3,3,1,3,3,1,1,3,1,1,1,1,1,3,1,1,1,3,3,3,3,3,3,1,3,3,3,3,3,1,3,1,1,3,1,3,3,1,1,3,3,3,3,1,3,1,1,3,1,1,1,1,3,1,3,3,3,3,1,3,1,1,3,1,1,3,1,3,3,3,3,3,3,1,1,1,1,1,1,
3,3,1,3,3,3,1,1,1,3,3,1,1,1,3,3,1,3,3,3,3,1,3,3,3,3,3,3,3,3,3,3,3,3,3,3,3,3,3,3,1,3,1,1,1,3,3,1,3,1,3,3,1,1,3,3,3,1,1,1,3,3,3,1,1,3,3,1,3,1,3,1,3,3,1,1,3,3,3,1,3,3,3,1,1,3,1,1,1,1,1,3,1,1,1,1,1,1,1,3,1,3,3,3,3,1,1,3,3,3,3,1,1,3,1,3,3,3,1,1,3,3,3,3,1,1,1,3,3,
3,3,3,1,1,3,3,1,1,3,3,1,1,1,3,3,1,3,3,1,3,1,3,3,3,3,3,3,3,3,3,3,3,3,3,3,3,3,3,3,3,3,3,1,3,3,1,3,3,3,3,1,3,1,3,1,3,1,3,3,3,1,3,3,3,3,3,3,3,3,3,1,1,3,1,1,1,3,1,3,1,3,3,1,3,3,1,1,1,1,3,1,3,1,3,3,3,1,3,1,1,3,1,1,3,3,3,3,1,3,3,3,1,3,3,1,3,3,3,3,1,3,3,3,1,3,3,1,3,
>>>>>>> dd9af14206cd5855dcd466d91c54def727b35ff3
%
